"","LSEC","EPCAM+ cells and cholangiocytes","NK,NKT and T cells","Hepatocytes","B cells","Stellate cells and myofibroblasts"
"X0",0.00984037185850188,0.0647581600336231,0.0995210526410249,0.821491884063239,0.00100230917463741,0.00338622222897382
"X1",0.544510401978484,0.000580071128445794,0.386857685705685,5.19291875466429e-05,0.0603807280450784,0.00761918395476081
"X2",0.0166394123624343,0.131132481572198,0.0984951662033078,0.741413292958646,0.00123855115076236,0.0110810957526517
"X3",0.0261266226466452,0.341809241079147,0.0147008065547145,0.585219598394436,0.00466590101300203,0.0274778303120556
"X4",0.0912903175435299,0.0176982225080508,0.478700397302777,0.0978786464867571,0.310911072378082,0.00352134378080353
"X5",0.105258390988652,0.0131963129222323,0.795728036403181,0.0617062404590047,0.0185793298317053,0.00553168939522491
"X6",0.199413004929366,0.424415885656109,0.0275225892814924,0.195156283975556,0.122031025890971,0.0314612102665057
"X7",0.730652137532012,9.2116902571681e-05,0.228548853968264,2.04015018824984e-08,0.0162872771194546,0.0244195940761962
"X8",0.297816216772412,0.00217282310097971,0.158449660721083,3.46336035747733e-06,0.494869655448166,0.0466881805970016
"X9",0.0237784973116246,0.0468831369358085,0.316540185431652,0.392736477321878,0.212938135521821,0.00712356747721658
"X10",0.21958771321948,0.0717975460692787,0.35809193898407,0.279846128723683,0.0236021213211458,0.0470745516823415
"X11",0.0231497942009513,0.0013899047844066,0.383837968206784,6.54201957756672e-07,0.589342127528024,0.00227955107787704
"X12",0.0438477127596061,0.0408030019003606,0.667993295072669,0.225248963505747,0.0129450904947709,0.00916193626684627
"X13",0.0233640109804706,0.0479303922136338,0.215436800908043,0.689437927947466,0.0165961650312347,0.00723470291915261
"X14",0.0352425247004739,0.0818865579762589,0.134836344944533,0.727833333323055,0.00513763577304362,0.0150636032826357
"X15",0.240288368620376,0.258162643049893,0.138100822424724,0.320353090878999,0.00478075525916147,0.0383143197668454
"X16",0.00866077321481349,0.213723778881939,0.0157391791458765,0.743296209916102,0.00236129885964758,0.0162187599816213
"X17",0.036019301074805,0.0853330069717682,0.170780411695286,0.692144250187771,0.00136293425576648,0.0143600958146038
"X18",0.0487980844480389,0.751953493296158,0.0209549412581732,0.127446940571009,0.00588604644797387,0.0449604939786469
"X19",0.0100955415809738,0.103618051840768,0.075016151094746,0.806756634867157,0.00073362667254366,0.00377999394381111
"X20",0.0788237737226947,0.573890079356334,0.240272704096977,0.0620530329262941,0.015316150657644,0.0296442592400567
"X21",0.334467931116481,0.250266851278591,0.216981031009386,0.0660940019570006,0.0973822991185517,0.0348078855199899
"X22",0.0112360683977421,0.0647517854680667,0.294076384283925,0.611071460656312,0.00772227174383503,0.0111420294501187
"X23",0.0117897314785217,0.0465210853756767,0.385317603601365,0.512706241103097,0.0067668630438281,0.0368984753975111
"X24",0.0313177562680451,0.476271268338068,0.396274478567178,0.00835723815130395,0.0678592568130382,0.0199200018623666
"X25",0.0624827031727331,0.522949368574352,0.329465278108938,0.00833476938977833,0.0501555854660046,0.0266122952881942
"X26",0.547930873236936,0.355857959289884,0.0449712391200783,0.00115646236512274,0.00412164751247066,0.0459618184755084
"X27",0.0141210133202278,0.0251306076995,0.532892063453007,0.404837551812162,0.00537615328211066,0.0176426104329925
"X28",0.181713662617517,0.0187882840009414,0.705724608644036,0.0249414906931177,0.0320934358950321,0.0367385181493564
"X29",0.0238249084123218,0.429315725755722,0.0099148665598753,0.516606239354899,0.00575797661292312,0.0145802833042581
"X30",0.0769524643563415,0.0119558792924484,0.631016647642591,0.113895092470679,0.161113047273759,0.00506686896418137
"X31",0.011612245287157,0.00242417743246765,0.955816359177816,2.13959535820265e-06,0.0290015474968927,0.00114353101030871
"X32",0.0178129794576347,0.62688817104806,0.292988829356603,0.00443410065075631,0.0467656527262691,0.0111102667606773
"X33",0.0187687854918312,0.0465026553102311,0.375605030345842,0.55021203437179,0.00297442378888049,0.00593707069142534
"X34",0.0238216021518659,0.0648391820558554,0.356350210231167,0.527611322129104,0.0182887022867565,0.00908898114525104
"X35",0.431897759642829,0.000824898984359013,0.531602791894588,1.45428013133571e-08,0.0196712455420846,0.0160032893933377
"X36",0.217069334741385,0.0410248662842426,0.451977838388148,0.266224030438587,0.00533178511940139,0.0183721450282357
"X37",0.0570521310922808,0.00211829670824525,0.916337135584488,3.69926466618438e-05,0.0229289537923195,0.00152649017600425
"X38",0.389110194500568,0.00747089754523169,0.217526421213101,0.336757349162827,0.0220784318488135,0.0270567057294594
"X39",0.475203767261317,2.93310566542628e-05,0.426488087247566,1.09280781784165e-08,0.00602234317093192,0.0922564603354525
"X40",0.240539833432596,0.0443304189436217,0.00789267005130689,0.641925136485609,0.0168536760097323,0.0484582650771346
"X41",0.0938987761488627,5.55087136958933e-06,0.884506102631507,2.22630928407831e-10,0.021425869542179,0.000163700583450472
"X42",0.0343149331266841,0.842262758596943,0.0161321037684018,0.0483315461951906,0.00080856872509453,0.0581500895876854
"X43",0.191936110569516,0.172444902407862,0.0960742825810132,0.519322498182235,0.00310630644015739,0.0171158998192173
"X44",0.0610007341742638,0.465284646877337,0.0864056643077254,0.362669279555532,0.00600414275103697,0.018635532334104
"X45",0.00801030119971312,0.0671404015872287,0.251961081453973,0.666251061113381,0.00168278594248796,0.0049543687032164
"X46",0.00920464604533175,0.0321116888231434,0.234649023469865,0.717724398322275,0.00173547165529175,0.00457477168409279
"X47",0.00605305317268776,0.0464801285123458,0.234453123447213,0.692189409850794,0.00965391982450394,0.0111703651924547
"X48",0.060547133716546,0.219678466936901,0.135051020371721,0.559884285367446,0.00564617107588387,0.0191929225315018
"X49",0.0358026026848484,0.309885056673695,0.215467726408193,0.251795308169509,0.171120353048522,0.0159289530152323
"X50",0.0489725493771613,0.0272161843191545,0.692018035766256,0.170032248886469,0.0538278367618795,0.00793314488907901
"X51",0.135033086366493,0.398739916321058,0.231010581280512,0.137646937324854,0.0370516858205407,0.0605177928865431
"X52",0.0899450674088504,0.432091572055824,0.41377467654876,0.0173742701766481,0.0353705484660243,0.0114438653438937
"X53",0.236670815780169,0.13804316008678,0.0193193038315663,0.564270709874403,0.0233571425640017,0.0183388678630801
"X54",0.0142563268415757,0.0762033178241958,0.0138608367498922,0.570348199920332,0.315738679175066,0.00959263948893867
"X55",0.00911432931325761,0.117704643249838,0.0437766662791435,0.823830746957052,0.000677972563451671,0.00489564163725711
"X56",0.029802596240827,0.265339712843975,0.0257226030321187,0.656013262011957,0.0103715016575788,0.0127503242135433
"X57",0.151315605090802,0.393586530432394,0.134103939314213,0.284148117762398,0.000521141283208751,0.0363246661169847
"X58",0.0558361482185217,0.0127208388682139,0.317631791108429,0.127776197815216,0.471884898822864,0.0141501251667555
"X59",0.427070647986674,0.0562357915211469,0.47397102914649,2.78513273067625e-05,0.0193308505843921,0.0233638294339905
"X60",0.0387286187794652,0.289472798568644,0.0631819276855198,0.589359416066447,0.00650407419731572,0.0127531647026079
"X61",0.0181107831893419,0.0365862228706743,0.108137934733043,0.828565838003392,0.00193485127411188,0.00666436992943724
"X62",0.0453314865085516,0.0931693408530817,0.444272825308424,0.403718498527004,0.00417627846135169,0.00933157034158701
"X63",0.259802326486868,0.00355193279030143,0.291902634189243,0.0217346319086438,0.0324023404145842,0.39060613421036
"X64",0.0339707051087901,0.341347363410175,0.138951947193663,0.429652243015736,0.0313582289450554,0.0247195123265806
"X65",0.111178024080932,0.326956107624103,0.11379887414057,0.402124327093229,0.00669167085060564,0.0392509962105595
"X66",0.0532532685691411,0.717920214016632,0.185567565590922,0.0139974620124923,0.0122999340500403,0.0169615557607725
"X67",0.335481614202342,0.00241082265090456,0.642927932910898,9.10405889897429e-08,0.0115574812868749,0.00762205790839203
"X68",0.0121437726167733,0.2143546117651,0.00731614381598498,0.748947215777956,0.0067716501844437,0.0104666058397412
"X69",0.602559660607197,0.0158886497241102,0.118218634364461,0.185556566645579,0.0197733986528745,0.0580030900057787
"X70",0.00157887802121354,0.0152544092576713,0.474036988673289,0.488773732300903,0.00788042942552668,0.0124755623213963
"X71",0.0732590057479015,0.0596456849370749,0.31349923511674,0.527243606173861,0.0152231960964677,0.0111292719279553
"X72",0.019812455297315,0.633674929108475,0.122852144750225,0.21737080864857,0.000274035658210013,0.00601562653720476
"X73",0.0282141020521435,0.584878927051185,0.332371431778108,0.00835537473929364,0.00464647481837269,0.0415336895608974
"X74",0.0811119968810052,0.344345684172318,0.017075656249276,0.536211970754674,0.00406192424800692,0.01719276769472
"X75",0.276649741445573,0.0614587038531906,0.0156677234858614,0.625488502657118,0.00638615029011348,0.0143491782681431
"X76",0.0159938108763564,0.0441872609605878,0.00844611599485529,0.698219010595569,0.000629011841783713,0.232524789730848
"X77",0.050040592600376,0.629707513288602,0.0940947009020265,0.188012644150308,0.00440761685829212,0.0337369322003961
"X78",0.0648698401102058,0.0055614745581702,0.86999469887389,7.5942306425948e-05,0.0537767212807282,0.00572132287057978
"X79",0.289738708554739,0.0254140353573769,0.443471244139524,0.163252906976873,0.059988049051405,0.0181350559200818
"X80",0.0267926002525884,0.0621693392123569,0.126233107307604,0.419954830457171,0.351906397212478,0.0129437255578015
"X81",0.0715933212765557,0.418895149051442,0.0125344682053934,0.456164034446823,0.00753134614122642,0.0332816808785593
"X82",0.373550614293985,0.0488077530519065,0.361136894550319,0.133493977496415,0.0261589429009358,0.0568518177064395
"X83",0.295941552716207,0.267317516087488,0.0171458714438356,0.181468202411723,0.18639039579979,0.0517364615409561
"X84",0.0875287292889142,0.171433591260767,0.3020944489395,0.39645063071325,0.027842551197573,0.014650048599996
"X85",0.00956897882858783,0.0731860054631976,0.0880926775062104,0.819443686538679,0.00196357290347116,0.00774507875985381
"X86",0.0522157604686726,0.0765755909971215,0.328447931682206,0.522515484829702,0.0110289133320781,0.00921631869021983
"X87",0.0504616802142876,0.0711208994234111,0.0129571298788672,0.847859730312314,0.00363035273060585,0.0139702074405143
"X88",0.057990502033595,0.0884415556357748,0.223588614827013,0.59958384263777,0.0124733487259879,0.0179221361398596
"X89",0.262699508191493,0.0870878098447187,0.0658832641978421,0.514390530431507,0.021106211373762,0.048832675960677
"X90",0.392771595229534,0.432508994256417,0.0292034604482373,0.0585516794271052,0.0388337173372557,0.0481305533014504
"X91",0.110683686741711,0.0339098366400671,0.449711331517312,0.349753811042291,0.0287922319153,0.027149102143319
"X92",0.222307835485846,0.0126603386539821,0.582054013197918,0.163581148352513,0.00801821218003853,0.0113784521297021
"X93",0.160230727188106,0.087233938099035,0.340744483765572,0.386685105589018,0.00971617319937027,0.0153895721588995
"X94",0.0547874728379165,0.106831257276941,0.238040742965123,0.585517607497094,0.00393691699693568,0.0108860024259888
"X95",0.134595613079155,0.521492200138099,0.0273117422464984,0.269984236445459,0.0235816472280314,0.0230345608627568
"X96",0.0414105166332887,0.0617413372333345,0.500021003152614,0.369355267761189,0.0178721592312971,0.00959971598827662
"X97",0.0030346481734338,0.0964833436764978,0.22051594251204,0.674071742696967,0.000363252135323593,0.00553107080573752
"X98",0.0766967462515781,0.445916995671007,0.389774096408391,0.0128812518320956,0.0123899297115207,0.0623409801254079
"X99",0.0138323871835487,0.370884695217315,0.135176100561821,0.000423167546981151,0.467086904480084,0.0125967450102503
"X100",0.0169357067171075,0.149298207017505,0.0227421724947368,0.798717367353593,0.00493949980120884,0.00736704661584907
"X101",0.142988272578355,0.0453405172250822,0.650289209507177,0.109058320209409,0.0166619327105269,0.0356617477694502
"X102",0.059019848961887,0.504035370988699,0.092678724681574,0.297281897636424,0.0260332605111824,0.0209508972202337
"X103",0.0867094319931227,0.231317436485327,0.118640352363765,0.536785372874622,0.00664894582959821,0.0198984604535649
"X104",0.194038884590311,0.0477303244755061,0.378245670616257,0.359780438925193,0.00662856476416997,0.0135761166285628
"X105",0.00770355375656407,0.0560540664537894,0.214021393395097,0.707281988130163,0.00112446097694561,0.0138145372874409
"X106",0.0655085018142755,0.309619199342552,0.574016919815598,0.0416967657379718,0.00482529083936068,0.00433332245024139
"X107",0.0383645336883146,0.436194064208724,0.00396901752521011,0.505695752490766,0.00240657499328085,0.0133700570937042
"X108",0.21832862728441,0.331899947169457,0.169561070107061,0.239824628583027,0.0228552190263781,0.017530507829668
"X109",0.0761454004959656,0.698454626119126,0.0212930290495673,0.193737707479304,0.00457938456533883,0.005789852290698
"X110",0.0361276519158556,0.323874195659851,0.168131144970757,0.439490206036894,0.0105749371824838,0.0218018642341583
"X111",0.717085891210597,0.000844812053275643,0.0106798767817499,0.0380256307117236,0.17630140982553,0.0570623794171245
"X112",0.087105917190167,0.26140934565861,0.588388054252721,0.0446141215464662,0.0154997529729618,0.00298280837907458
"X113",0.20504287588352,0.247554459886715,0.0031249214349087,0.522460174234299,0.00796869684938145,0.0138488717111759
"X114",0.135115683961537,0.0310422001104943,0.705603745963268,0.0948516118653491,0.0138075978961768,0.0195791602031748
"X115",0.0117439775359151,0.524426932671121,0.349178625259279,0.0921570662575455,0.0128124728538517,0.00968092542228746
"X116",0.0193020395389469,0.206932866151722,0.0573992847120908,0.70623398521427,0.0013987866768398,0.00873303770613019
"X117",0.0276712856489462,0.499719021795963,0.349650465431286,0.083480580746994,0.00554971663672919,0.0339289297400814
"X118",0.0195674210810482,0.0949886394374895,0.310317400052338,0.551489115729006,0.0128049202009207,0.0108325034991976
"X119",0.10325359007307,0.374184982188863,0.209267762015599,0.256579069800158,0.0181668543337609,0.0385477415885496
"X120",0.325521043276905,0.0132033183403843,0.493911659206053,0.0959989776847568,0.0519684399823695,0.019396561509532
"X121",0.15906745171731,0.619875022949689,0.00545413484982989,0.127570702770805,0.0132861995262057,0.0747464881861607
"X122",0.0236381609803647,0.71325722399864,0.0168489479924714,0.203842744671767,0.0127183901632904,0.0296945321934664
"X123",0.0509998607317905,0.294695845219655,0.293774554316412,0.323716306606611,0.0181710314943503,0.0186424016311808
"X124",0.354981327605003,0.00261221232552077,0.408698031114046,1.4793264501685e-05,0.218271273061486,0.0154223626294421
"X125",0.0164162087481765,0.039141774723676,0.063113927031638,0.871637616146416,0.00466279724461777,0.00502767610547564
"X126",0.0147439645555997,0.0497057938928212,0.2316956913417,0.690836358474684,0.00138214453727287,0.0116360471979221
"X127",0.00465300312757748,0.0297975303022378,0.27089226806813,0.687495967486421,0.00221600088930075,0.00494523012633289
"X128",0.415591469084649,0.0316192073961359,0.0269632179990393,0.476330303845585,0.00722795914073284,0.0422678425338588
"X129",0.234942990331772,0.0706838717196796,0.0237000964254112,0.655129520899056,0.00208471155582131,0.0134588090682594
"X130",0.597731170821132,0.281845918920338,0.00587232443075578,0.000987802564832329,0.0380108245440747,0.0755519587188675
"X131",0.0261531517120324,0.0547643343577902,0.388357819268049,0.515330175941453,0.00214728461565732,0.0132472341050187
"X132",0.479308775698956,0.0374012558296593,0.019545587304424,0.428223027083893,0.00204396203959629,0.0334773920434717
"X133",0.0358523162108625,0.307178668611695,0.0661881424975148,0.565849081182727,0.00265634133171223,0.0222754501654882
"X134",0.235191364151255,0.156372797896072,0.0663436672269283,0.503203669040915,0.0104054319775494,0.0284830697072794
"X135",0.064256788918694,0.559389348212767,0.00253491236045365,0.34702259190389,0.0038286790310478,0.022967679573148
"X136",0.0649262867212784,0.696844026864715,0.14113162357478,0.0440530875301014,0.0206211944066461,0.0324237809024792
"X137",0.00465609465116986,0.0346800669689226,0.513367461533006,0.441295829539357,0.000422849256915616,0.00557769805062866
"X138",0.49974554882833,0.00140124526304984,0.391604060222855,0.0540955178418731,0.0163047041035995,0.0368489237402921
"X139",0.196143067336301,0.0986113656761203,0.28378050680306,0.398571929290772,0.00203078148804083,0.0208623494057063
"X140",0.149043229213675,0.21324985848681,0.0411091633987758,0.560121768225504,0.0184345547563078,0.0180414259189278
"X141",0.182060585872064,0.126518539676029,0.0143531474775389,0.648571372621622,0.00564530220538959,0.0228510521473577
"X142",0.0225580731546466,0.169866548975954,0.0980955712048184,0.694867448685833,0.00176000320136872,0.0128523547773794
"X143",0.0295938289770861,0.377369345035247,0.19727196631415,0.372213264229532,0.0162631146235119,0.00728848082047323
"X144",0.0109532394187218,0.042555325473916,0.359719498339339,0.576462924282455,0.00515687461448749,0.00515213787108062
"X145",0.0238838043623066,0.0829501015015545,0.301249257278219,0.568395034983689,0.00687939250307031,0.0166424093711602
"X146",0.0360810366668503,0.0148993084907527,0.763413617586522,0.178367665643756,0.00253395221780701,0.00470441939431199
"X147",0.0548652360313824,0.656798771569065,0.228818006383384,0.0175495677633205,0.0173780337047027,0.0245903845481457
"X148",0.226463641268673,0.0348397727802883,0.274218152092333,0.437524498596981,0.0089792167782709,0.0179747184834545
"X149",0.198456678251619,0.45617388085608,0.111582074549441,0.170370657870689,0.0247963523761824,0.0386203560959891
"X150",0.443096606525379,0.0285022311334057,0.018142493394783,0.467170380258906,0.0239539294976106,0.0191343591899158
"X151",0.200014127716956,0.0137074095580625,0.312635076388146,0.427352858501538,0.00932336144297658,0.0369671663923203
"X152",0.41600426986162,0.00978712050723319,0.300124569595336,0.163062723219115,0.0459088662039468,0.0651124506127489
"X153",0.390767553170478,0.088275427809818,0.464053779305681,2.77771166891149e-06,0.00454305969108394,0.0523574023112703
"X154",0.11215406901361,0.0845540444740541,0.192229869859504,0.59310217149879,0.00751444916023054,0.0104453959938113
"X155",0.0481257437459027,0.525419640348203,0.242925468713181,0.11625026490474,0.043349782060656,0.0239291002273175
"X156",0.0335570270275777,0.131114865953432,0.156417386460114,0.660025269766703,0.00538673102618713,0.0134987197659871
"X157",0.0252989344728503,0.0700636547739927,0.320118795934893,0.568825550217579,0.00442077524419476,0.0112722893564906
"X158",0.074676078541947,0.0563417540914833,0.0389311264531986,0.808479999307003,0.00421996807532136,0.0173510735310469
"X159",0.162920321385432,0.062070781957487,0.446049650966737,0.274926643625073,0.0193466076421962,0.0346859944230755
"X160",0.0117227530430304,0.0550423955835653,0.441598558386605,0.479144195079659,0.00539237648494169,0.00709972142219798
"X161",0.31035103854645,0.347878815543614,0.167615984905263,0.109383022443907,0.0186329902407984,0.046138148319968
"X162",0.3141958961421,0.0465032117237607,0.238063815187698,0.352062037134778,0.0228967048559614,0.0262783349557015
"X163",0.0318323893125485,0.147820852997234,0.206354510912443,0.596598735100239,0.00892978971737711,0.00846372196015797
"X164",0.0370682996543896,0.0134931540220382,0.934225394914367,1.98607202372244e-10,0.0086857895492506,0.00652736166134769
"X165",0.447458082949911,0.198640669598143,0.227570147262458,0.0147876778953765,0.0335844962650811,0.0779589260290314
"X166",0.0904693363473772,0.458454574065539,0.0645033462366011,0.353049368133263,0.0101660173232599,0.0233573578939591
"X167",0.0204792083992745,0.188272201593028,0.0128168223637681,0.766233826193771,0.00327810021276402,0.00891984123739474
"X168",0.389372513591928,0.0241934072542177,0.460984199572953,0.062446670332113,0.0416151905475553,0.0213880187012328
"X169",0.467705281243476,0.0013100977609578,0.187439265684125,1.15805201127646e-05,0.312994468414034,0.0305393063772942
"X170",0.550159535413763,0.00171583792917948,0.310347616390592,1.42160338956127e-06,0.0612232376316366,0.0765523510314394
"X171",0.271091421174763,0.1009000523554,0.215015733220359,0.361253764960171,0.0141733865885021,0.037565641700804
"X172",0.496434405580458,0.124176045000217,0.126514872331602,0.218706722252551,0.0111017169931956,0.023066237841976
"X173",0.0145187818159829,0.272303619022788,0.115426873121511,0.582753253432065,0.00116521617073543,0.0138322564369182
"X174",0.0285427249158949,0.0224013753269727,0.047747782948836,0.893275238339297,0.00419638501687831,0.00383649345212139
"X175",0.0135100062279275,0.0635587012315038,0.249147220634401,0.663965100785346,0.00199827871313815,0.00782069240768348
"X176",0.112525267552075,0.651457613500944,0.00886657221760913,0.134726020216142,0.0217190633215867,0.0707054631916432
"X177",0.015618352807663,0.544270688727827,0.371304321294917,0.00940615758255036,0.0210162745507016,0.0383842050363411
"X178",0.546932440869526,0.0441341472385465,0.0227505893960481,0.316770262698619,0.0244141393623183,0.0449984204349424
"X179",0.0431002160838713,0.297106702991978,0.302633323295693,0.330671209127443,0.00481669262137544,0.021671855879639
"X180",0.149016290321851,0.0542177115474116,0.211425318810806,0.544479600923301,0.00616142055095743,0.0346996578456721
"X181",0.0136060731837699,0.100285616848613,0.495587156608421,0.377325678483893,0.00458021901491988,0.00861525586038317
"X182",0.0315547839115775,0.403657081123534,0.347770942445519,0.173423331287663,0.00554524486516575,0.0380486163665411
"X183",0.225912461710714,0.0438345632218953,0.0442827999968073,0.668144165042353,0.00268207708782102,0.0151439329404101
"X184",0.0892468479014683,0.278942671475651,0.264405471248071,0.00233277315602868,0.343652081121055,0.0214201550977263
"X185",0.041637527558655,0.000716890123079553,0.914901143957243,3.61918312276951e-09,0.0401334077590743,0.0026110269827646
"X186",0.495346193157172,0.000165879858261596,0.411069957181865,1.61231088570733e-07,0.0027433425250128,0.0906744660465998
"X187",0.0497165786259555,0.00927478971061924,0.839072544594546,0.0704866802525449,0.0133825866543887,0.0180668201619453
"X188",0.0124124623020113,0.12367754720089,0.00843221570969419,0.846661213885207,0.00427487249023047,0.00454168841196787
"X189",0.00333926198404994,0.0537671903954567,0.154689445591442,0.776683373250074,0.00199110611285538,0.00952962266612247
"X190",0.40439871160083,0.0261458370859306,0.0307476892097452,0.493560121711762,0.0104940277996729,0.0346536125920598
"X191",0.0319931189786699,0.0510475111726738,0.19872415823817,0.703884315879262,0.00355975284915755,0.0107911428820663
"X192",0.0384731083161674,0.0795984687957086,0.524202656783888,0.349057792786655,0.00234302365327029,0.00632494966431096
"X193",0.0623881220757455,0.00297250346055864,0.931092812914445,6.06575558465937e-06,0.0033016789041727,0.000238816889493601
"X194",0.0145314372430492,0.0740340779116575,0.193788883367806,0.697349108860549,0.00839947014191398,0.0118970224750239
"X195",0.0155455473701625,0.00524147844119458,0.604504015145289,0.340103495251139,0.000675919968267779,0.0339295438239475
"X196",0.00214474268804381,0.0152312807534923,0.193075464582981,0.784558204191817,0.000828805807232049,0.00416150197643412
"X197",0.0296763706321652,0.235422179528474,0.536393044216731,0.150045286357901,0.0261744854558166,0.0222886338089124
"X198",0.033490195643056,0.106335609486807,0.45990939752803,0.382820760965428,0.00610159522115961,0.0113424411555187
"X199",0.217465311639852,0.000117503776144878,0.769351613853129,6.74425510566489e-09,0.00339730348493291,0.00966826050168615
"X200",0.045019405332541,0.0772661356914904,0.105857402717172,0.753393891061971,0.00383054324091391,0.0146326219559122
"X201",0.290947004657914,0.0873367047298219,0.47798081641533,0.113387558428099,0.0209574913678808,0.00939042440095442
"X202",0.102325299002051,0.104601317725373,0.30614622287934,0.468739525179275,0.00273120213922957,0.0154564330747306
"X203",0.279262302603769,0.276831146124532,0.35029725025384,0.00912464337663624,0.0348642117134325,0.0496204459277909
"X204",0.118333022026356,0.0538105871392379,0.296204069322065,0.467115698342286,0.0179074456690636,0.0466291775009917
"X205",0.0104365232168363,0.0702589711278911,0.329997549110501,0.558519088621729,0.00156396862030903,0.0292238993027337
"X206",0.107978379686257,0.00199190648156945,0.709193759891703,4.67218290831417e-06,0.175521962651887,0.00530931910567646
"X207",0.0278056511240383,0.107780160023311,0.256491882581836,0.582925896635636,0.00633059300211809,0.0186658166330606
"X208",0.13246069210221,0.130427392045524,0.0316724802362129,0.687220240641237,0.00193948337652911,0.0162797115982872
"X209",0.294377396724769,0.0408686066325909,0.229529340601858,0.32658509038133,0.0711677415657224,0.0374718240937293
"X210",0.0252042418964397,0.419536508151597,0.0742936430454731,0.451600231952385,0.00700692407675347,0.0223584508773517
"X211",0.459809630777424,0.000246948802653038,0.478591163315772,2.65799047370397e-06,0.024893398400024,0.0364562007136535
"X212",0.0298823827593314,0.0167322563161192,0.283432318280566,0.043966638464967,0.604238820701087,0.0217475834779292
"X213",0.36599510480815,0.171701151975816,0.168757434490249,0.25269070811195,0.0257114197543158,0.0151441808595189
"X214",0.0990837740181317,0.00496690947876473,0.864039813940713,0.000121345309851586,0.022862106034002,0.0089260512185366
"X215",0.0118337605151437,0.30748489062652,0.00550238972155231,0.658095424498355,0.00225740788435952,0.0148261267540694
"X216",0.00846504443740368,0.136826784709316,0.147372958188705,0.678216605489902,0.00238426521798781,0.0267343419566859
"X217",0.198048193366018,0.130276034954663,0.247174097920922,0.410331130951739,0.00382286097268541,0.0103476818339726
"X218",0.308768839766848,0.140402140117216,0.242169708035329,0.246917335660509,0.0081944057936047,0.0535475706264937
"X219",0.021422931705862,0.00210346921808419,0.945684010737561,3.84460178151002e-07,0.0145230459943192,0.0162661578839958
"X220",0.0409481405105797,0.0164651052992694,0.762128816550701,0.151383400002385,0.0200166915559935,0.00905784608107153
"X221",0.0242413204056184,0.0747695932140094,0.303425130945408,0.573407648595469,0.0141616377338606,0.00999466910563421
"X222",0.0360400705173739,0.0892341290187214,0.336467865545723,0.510158574633597,0.0203380454041206,0.00776131488046417
"X223",0.348233488068883,0.00928175160065423,0.54303421222448,0.0798845102594888,0.00543589739911101,0.0141301404473827
"X224",0.247057804345935,0.686893874379621,0.00120209136907628,0.00860182070390636,0.0116369987353036,0.0446074104661576
"X225",0.252894731246648,0.00669091160627789,0.173581600092275,6.68479251141687e-05,0.530987379220556,0.0357785299091287
"X226",0.249063305280364,0.26568018242045,0.108890298660676,0.327655723199827,0.0193399719724826,0.0293705184662004
"X227",0.0282867709566204,0.0243174339638315,0.356258820877318,0.581566115289823,0.00304763859954243,0.00652322031286464
"X228",0.0170928895218565,0.0810904701713978,0.162724344097858,0.69803046992661,0.00483984961662837,0.0362219766656494
"X229",0.278784523521124,0.566691766910271,0.00771168445446569,0.062031480946819,0.02360227397862,0.0611782701887003
"X230",0.181307490062987,0.394748273571596,0.406846268666966,6.00811779747248e-05,0.00247934520860407,0.0145585413118728
"X231",0.0363899722386035,0.351760755716708,0.471082494062989,0.0928177246903562,0.0243170366264153,0.0236320166649279
"X232",0.26526614937205,0.0568753125148492,0.320363000995932,0.342299634243905,0.00121309709529525,0.013982805777969
"X233",0.106463900512402,0.398919754401503,0.385983463685343,0.0535051617285573,0.0438236464526605,0.0113040732195343
"X234",0.105923688056264,0.2758410548186,0.0450395975918774,0.549445622160255,0.00659754288050543,0.0171524944924982
"X235",0.476445962442014,0.158774672906484,0.00604259767848128,0.33595618937163,0.00277445428800753,0.0200061233133828
"X236",0.247490714976655,0.299991936185507,0.410287311039518,0.000381184329782023,0.0234273835021207,0.0184214699664167
"X237",0.0740979543179284,0.667101819379294,0.18131837086608,0.0188525669416902,0.0425082453699621,0.016121043125045
"X238",0.0211514857631176,0.218519094604674,0.0828930786417093,0.630539826069147,0.0316065826075774,0.0152899323137744
"X239",0.168579577840589,0.0213695935762664,0.0225677320438417,0.756380956211833,0.0248269072477772,0.0062752330796928
"X240",0.0242154998632466,0.132487876519461,0.293123625248031,0.540464040585154,0.0061517827672494,0.00355717501685831
"X241",0.0181491362184833,0.0468993038564133,0.564212092260619,0.353261484057372,0.0014667242283011,0.0160112593788113
"X242",0.501545850054203,0.388775865925848,0.0292197427269546,0.0481372631271134,0.0101130820806404,0.0222081960852412
"X243",0.028947464059536,0.071817200960986,0.359259475399929,0.527598741109083,0.00692454605800955,0.00545257241245652
"X244",0.0861695043394188,0.250956658563991,0.0111456852702982,0.62945098231295,0.00472963908955007,0.0175475304237922
"X245",0.0614666870674634,0.0285218926558231,0.780271092210538,0.104281874366533,0.018175564081143,0.00728288961849971
"X246",0.0620921658197932,0.681584477052302,0.0767135721410717,0.124830924434681,0.0281926339054787,0.0265862266466732
"X247",0.428021014509484,0.040671786235121,0.0860881942383395,0.323583229433274,0.0593268236201911,0.06230895196359
"X248",0.320076505967887,0.0370565321867655,0.0744458992632028,0.549060724948863,0.00121770726189515,0.0181426303713859
"X249",0.0109866924450719,0.0406545242561287,0.235656839004201,0.701316198357899,0.00437523619206774,0.0070105097446326
"X250",0.0943205177418107,0.0275410192467764,0.776348129611642,0.0330968063675342,0.0600824452736469,0.00861108175859013
"X251",0.0136196092683357,0.00187403007321134,0.427641438626688,7.18864306339523e-05,0.551766908699303,0.00502612690182803
"X252",0.54810631835502,0.33180095865749,0.00816374572199155,0.0687823128100519,0.00838916987632423,0.0347574945791228
"X253",0.00886884890977845,0.0842763127653046,0.00382163230196988,0.892229870815053,0.000279719554171281,0.0105236156537226
"X254",0.260243896753431,0.0583475210070621,0.336938753156214,0.316711132237784,0.0120904671557177,0.0156682296897913
"X255",0.0215168307788018,0.0551318683358554,0.37553890154821,0.54087108076639,0.00128413760412879,0.0056571809666137
"X256",0.0400595782704762,0.100654138260972,0.216515411768652,0.615694621890209,0.00860804399855019,0.018468205811141
"X257",0.0376670344520351,0.668427652445197,0.0629006267172171,0.12259847136986,0.0737630087329698,0.0346432062827211
"X258",0.232876813653793,0.489060238443133,0.00360506417348821,0.252509833172751,0.0010361908497938,0.0209118597070406
"X259",0.0669439230660705,0.0413043625957332,0.206139858479196,0.193238045199731,0.489227407608042,0.00314640305122769
"X260",0.383921262070863,0.00261087726161774,0.524163350283701,4.20526221737931e-08,0.0543802411920153,0.0349242271391798
"X261",0.227508850547677,0.016553828403793,0.487204727807987,0.234739951943921,0.0136232599028378,0.0203693813937841
"X262",0.0673982345089877,0.479015888023558,0.2723871898099,0.108557693063209,0.0229749913953661,0.0496660031989803
"X263",0.0670497747336507,0.00601945218552621,0.909917287538068,4.16300124908887e-07,0.0108716399717674,0.00614142927086284
"X264",0.0500449225059879,0.0679845964517869,0.158215119178546,0.411110456443009,0.307153573226005,0.00549133219466516
"X265",0.0210150920991847,0.0571597224462728,0.249839838747673,0.668121825941197,0.00206605376310394,0.00179746700256907
"X266",0.461331455092451,0.00353267964884028,0.462253789441163,5.21702934757529e-05,0.0464009002865055,0.0264290052375642
"X267",0.00961173633077698,0.076163979834984,0.143302512756982,0.748115267514199,0.00104391121594087,0.0217625923471174
"X268",0.263155580838013,0.0420489985084867,0.594827263121809,0.0295181449424286,0.0508941518755934,0.0195558607136697
"X269",0.296894375505995,0.27695180742452,0.157575853112837,0.2337898111294,0.00955591646178687,0.0252322363654612
"X270",0.0226208541671974,0.219128700294725,0.00752411130699131,0.729644301980973,0.00147615088441204,0.0196058813657014
"X271",0.164805918132728,0.0788043060370519,0.00868895455343202,0.709991870242888,0.00694262472050939,0.0307663263133905
"X272",0.32840181281724,0.0318529443558319,0.213095651723053,0.373668429295965,0.00885818665996473,0.044122975147946
"X273",0.0166425363178086,0.115431010820689,0.435425150666295,0.42139519741431,0.00194512618736197,0.00916097859353543
"X274",0.225932345503854,0.0348917265477033,0.502729663879049,0.136724014587336,0.0592783427815914,0.0404439067004662
"X275",0.0239674125692674,0.0694043103190166,0.00709003443652868,0.883549485013842,0.00054688673164602,0.0154418709296997
"X276",0.0252523464335182,0.0781862950368599,0.0179313613889988,0.870934834652774,0.00293575133563441,0.00475941115221515
"X277",0.0756059846775646,0.103242912307207,0.0732708870435645,0.741789153113255,0.00216364996484707,0.00392741289356153
"X278",0.132115826924562,0.425302577941841,0.331499689102224,0.00159881738167517,0.0789065754620853,0.0305765131876126
"X279",0.0614362019659515,0.0473245015175399,0.69856817950009,0.175242410083254,0.0136431984391976,0.00378550849396741
"X280",0.0639934237841449,0.637863812014832,0.224010854707636,0.0286366911968804,0.0260493005734373,0.0194459177230692
"X281",0.358683840392804,0.0431243317085442,0.346233749311315,0.182511821006456,0.0419435372255915,0.0275027203552897
"X282",0.0147994928963506,0.177750316174511,0.27833478728198,0.489578938473623,0.0261656335554329,0.0133708316181022
"X283",0.0101366111445076,0.108334039098606,0.2768808416925,0.588516738408055,0.00275308383564652,0.0133786858206846
"X284",0.021935218233212,0.324217609309516,0.020778854011364,0.605168471295881,0.00991274251441953,0.0179871046356083
"X285",0.00427683922010388,0.0898080341472108,0.0537542886053842,0.841515267295196,0.00726691532534842,0.00337865540675729
"X286",0.0604916652623277,0.492564489441129,0.434254944637486,0.00197641433330255,0.00453144827525709,0.00618103805049775
"X287",0.0161248270348417,0.0327473607266172,0.181099850924628,0.757783165801026,0.00391102162414982,0.00833377388873671
"X288",0.253123355700192,0.496249264637981,0.012255948740246,0.152664455956589,0.0213335520949317,0.0643734228700603
"X289",0.157714533856807,0.0733883443927394,0.303721801391259,0.00187180570049781,0.00681543329707907,0.456488081361618
"X290",0.0697781147265771,0.174940986615113,0.662579965345654,0.0852902004363842,0.00324300013900842,0.0041677327372632
"X291",0.0134919865273451,0.0285001019683845,0.374666272076234,0.570883212425448,0.00372671776410926,0.0087317092384795
"X292",0.0727504112293206,0.410051780234428,0.444649080634888,0.00891811276290634,0.0308910411886093,0.0327395739498484
"X293",0.0386582796065678,0.172587421772033,0.482008244138099,0.000538269762901701,0.294054906561858,0.0121528781585405
"X294",0.0681165073466866,0.0592679629069075,0.550317988744369,0.24468549654424,0.028282331555873,0.0493297129019239
"X295",0.591786593216249,4.91264939733413e-05,0.316147997323218,3.12628800369515e-08,0.0155692558066304,0.07644699589705
"X296",0.0207817433387837,0.0938240023954706,0.583359128946084,0.240530673016125,0.0587767782798066,0.00272767402373077
"X297",0.0533805205819036,0.568217867254738,0.27484558065382,0.0636974785428534,0.0103470961829592,0.0295114567837257
"X298",0.00795606971117488,0.0984201278606067,0.16601419353831,0.716848922783689,0.00177236991820714,0.00898831618801231
"X299",0.0857518920054217,0.392114274402122,0.241707584300524,0.242961504936642,0.0193131721732322,0.0181515721820582
"X300",0.0203113502606812,0.147330205832731,0.107185406814435,0.69866425346597,0.00537786249947996,0.0211309211267031
"X301",0.221925186919556,0.0415541722859743,0.274236782214754,0.32303753096853,0.0613484117268535,0.0778979158843318
"X302",0.0330694997650613,0.052356185409979,0.391725832583315,0.490602904141798,0.00748348618120439,0.0247620919186429
"X303",0.128854830337307,0.00579782630862878,0.841995418928357,4.71804380924686e-08,0.0163447570465938,0.00700712019867487
"X304",0.549906392476269,0.0114731477077736,0.302495388914278,0.0244113093813186,0.048685029385449,0.063028732134912
"X305",0.273673641360507,0.353333316814453,0.230915468507067,0.000906911786539538,0.0944177760702599,0.0467528854611734
"X306",0.129378987863974,0.0946368591259335,0.0541864724321842,0.657326820199528,0.00859679069431787,0.0558740696840627
"X307",0.246243675030245,0.00765210791684534,0.666859796507769,0.000155116314178343,0.0509700232010977,0.0281192810298646
"X308",0.305837747076887,0.354381675598697,0.0141496065643167,0.282731202131877,0.0165218703028248,0.0263778983253981
"X309",0.0271089648527972,0.00621045303244201,0.951199923812293,4.96600544123528e-06,0.00957575317813594,0.00589993911889098
"X310",0.301222345185846,0.0459624731793605,0.192770835936613,0.397022693365594,0.0402959661470644,0.0227256861855228
"X311",0.442160132897522,0.019517050334772,0.367419326284094,0.0369171388285498,0.0788558631156515,0.0551304885394112
"X312",0.00913453112699795,0.235719606673155,0.118986731536114,0.595994108886316,0.0255018181310997,0.0146632036463172
"X313",0.284801756167698,0.199486841114251,0.443204690618556,0.000238319547582117,0.0164977708490505,0.0557706217028629
"X314",0.0791126354206754,0.0815768798390098,0.296528725643314,0.521167271215914,0.00258606757755151,0.0190284203035353
"X315",0.301278593326993,0.00273111505420303,0.605970897874093,6.45842190167241e-05,0.0756214626678469,0.0143333468578479
"X316",0.289934017084419,0.00667035667310654,0.666749439006733,3.97026698049368e-05,0.0249782793522138,0.0116282052137228
"X317",0.122057000532443,0.0454497808359499,0.0214528266503815,0.782821808722843,0.00422487797599682,0.0239937052823859
"X318",0.227732317622012,0.0465646411596527,0.30996383901048,0.27618910699627,0.131241842380507,0.00830825283107887
"X319",0.0201351555406614,0.0592605830653651,0.29592056612092,0.607004647574576,0.00410493520807068,0.0135741124904066
"X320",0.0495227839109198,0.333064722777214,0.188069014145365,0.404758482565882,0.00388944717000913,0.0206955494306099
"X321",0.274177961239611,0.0270702811517118,0.605144046742814,0.000216670020878324,0.076310033079603,0.0170810077653815
"X322",0.0834279872104239,0.804216374934266,0.0161806696636967,0.0678553882836993,0.00195378770094556,0.0263657922069683
"X323",0.0374086555446454,0.0297301042740088,0.565156665203453,0.319738065852144,0.0280400638306549,0.0199264452950944
"X324",0.560704882695714,0.0117398742329228,0.401067076116027,2.49074871569894e-07,0.0036014188502836,0.0228864990301814
"X325",0.229827511411766,0.100093720523888,0.0394095797023814,0.587628998815935,0.00960438560100342,0.0334358039450263
"X326",0.411113201389428,0.0211002044988205,0.0539254634145654,0.497008056026752,0.000316345305676529,0.0165367293647575
"X327",0.0233585236123717,0.398968194458461,0.0574668383219096,0.500350252808492,0.0106188640234947,0.00923732677527138
"X328",0.0998298676577791,0.149372473566801,0.166090723172223,0.562413271053541,0.00505671661090991,0.0172369479387456
"X329",0.00636367818259044,0.0750793483035165,0.0696125892879218,0.843357759963793,0.000689514456957577,0.00489710980522109
"X330",0.290658744621583,0.0414270113392185,0.265884816640373,0.348065501526857,0.0101060037052755,0.043857922166694
"X331",0.0383914319757046,0.0781952846502693,0.211374187435366,0.644387009183876,0.00709280556058099,0.0205592811942029
