"","B cells","EPCAM+ cells and cholangiocytes","Hepatocytes","LSEC","NK,NKT and T cells","Stellate cells and myofibroblasts"
"X0",9.01799559337755e-05,0.024302789639578,0.813009593608327,0.0151934321996399,0.147313824641068,9.01799554535971e-05
"X1",0.000157910498224887,0.00015791048585765,0.000157910485943642,0.547923412973185,0.451444945070883,0.000157910485906192
"X2",0.000160110262525967,0.150631642525903,0.739855016970493,0.0121040238078415,0.0866321647565393,0.0106170416766975
"X3",9.7577160304639e-05,0.396206040651019,0.599773125912885,9.75771596850258e-05,0.00064478571205768,0.00318089340404866
"X4",0.546886291043329,0.000338525856061779,0.0972409890625927,0.0413928452487532,0.313802822933175,0.000338525856088431
"X5",0.00346378961824092,0.0389162906417667,0.156067029269158,0.0245214260058018,0.776897349847287,0.000134114617745327
"X6",0.185776373718425,0.438769011453699,0.214700615271575,0.155531285428548,0.000679981068109114,0.00454273305964432
"X7",0.00015630212637373,0.000156302119082475,0.000156302153846046,0.853514650087518,0.145860141394097,0.0001563021190825
"X8",0.580406491612942,0.00048642465427903,0.000486424654441822,0.281523701910662,0.119702811311326,0.0173941458563501
"X9",0.362075704981967,0.00629846545512788,0.41128171419816,0.000321256994706753,0.219701601375267,0.000321256994771524
"X10",0.000285857980327456,0.0159992442812619,0.363796907832062,0.330308760326662,0.289317343166473,0.000291886413213816
"X11",0.658504805333069,0.0045393361854167,0.000305420731497565,0.0003054207322798,0.33584464607358,0.000500370944157218
"X12",0.000204580828742198,0.0150597655079734,0.351367441033424,0.0788742914883214,0.539291862407516,0.0152020587340233
"X13",9.14317279929483e-05,0.0265043009893763,0.772682364253842,9.14317234197659e-05,0.199402878395059,0.00122759291031076
"X14",9.58251341185666e-05,0.00981763945052215,0.753227234748257,0.0788664750105457,0.152253611664627,0.00573921399192938
"X15",0.000184804310838957,0.240524121736167,0.396788994144843,0.258839384699718,0.0970232129091099,0.00663948219932386
"X16",9.57920411043665e-05,0.226453818185018,0.765011724205344,9.57920363876236e-05,9.57920363928337e-05,0.00824708149575259
"X17",9.21773786247734e-05,0.0245556573451197,0.765118885146796,9.21773914823993e-05,0.210048925346495,9.21773914824002e-05
"X18",0.0001506617630665,0.872125265481198,0.10596601946992,0.00017963886973967,0.00275641511673113,0.018821999299344
"X19",9.12343963826053e-05,0.0319927495354736,0.860722355073071,9.12344088474885e-05,0.107011192178005,9.12344082201274e-05
"X20",0.000204726554038517,0.705945730314023,0.00457139499759906,0.055401216361304,0.204331251399745,0.0295456803732905
"X21",0.000432424313166975,0.308669962861057,0.130526174012593,0.390989905117149,0.168949109393274,0.000432424302760162
"X22",0.00479102962206226,0.016584561912915,0.660015382071348,0.000135672064719789,0.318337682264235,0.000135672064719785
"X23",0.000147446719660058,0.0457389117502435,0.620856832279778,0.000147446711224537,0.33296191582787,0.000147446711224538
"X24",0.000168428175309027,0.531351188228632,0.000168428175035726,0.000168428175035726,0.459518567097837,0.00862496014815096
"X25",0.000246745228313483,0.551130545097132,0.000246745227701132,0.0809660087904692,0.338616185492249,0.0287937701641351
"X26",0.000368300236854018,0.366458519880009,0.00036830023689049,0.59434819911553,0.0235476238749756,0.014909056655741
"X27",0.000299911363631929,0.0492039473481096,0.461869534096539,0.000299911385424899,0.472477527038811,0.0158491687674835
"X28",0.000147531693796547,0.0356222793512292,0.0229353596932127,0.196944733931167,0.709149793691209,0.035200301639385
"X29",0.000139998757203336,0.386278422369796,0.578290235142089,0.0225166474954545,0.00819904116915671,0.00457565506630067
"X30",0.00167041236032663,0.0292022038467677,0.188917656366044,0.000259474400805584,0.77969077862525,0.000259474400805585
"X31",0.00380904607431884,0.000106527585253498,0.000106527585398733,0.000106527585252099,0.992384004451742,0.00348736671803494
"X32",0.000240180636505685,0.707151959017805,0.000240180652103113,0.000240180652115129,0.289559060519412,0.00256843852205909
"X33",8.74072396038487e-05,0.0370246384569195,0.618106018484459,8.74072434386065e-05,0.34460712133214,8.7407243438605e-05
"X34",8.97637915566429e-05,0.046597518510753,0.644703538498602,0.0168781877049334,0.277170743386085,0.01456024810807
"X35",0.000142519698107435,0.000142519698561828,0.000142519698314435,0.581900495465013,0.417529425741441,0.000142519698561828
"X36",0.00493009852802786,0.000272825453625852,0.369269268218053,0.234708853922649,0.384117908154174,0.00670104572347144
"X37",0.000108888294529957,0.000108888288970865,0.00010888828892047,0.000108888288970861,0.999455558549637,0.000108888288970837
"X38",0.000276358553340866,0.0253730612859942,0.378345188434796,0.395681367693175,0.20004766547951,0.000276358553184838
"X39",0.000323318766132373,0.00032331876941282,0.000323318769386241,0.602797588769108,0.374405420487339,0.021827034438622
"X40",0.000143184026502854,0.015008731773678,0.72456263088927,0.245182178850508,0.000143184026577914,0.0149600904334632
"X41",0.0112630038432307,0.000167888149303085,0.000167888149577486,0.0879116310911726,0.900321700617413,0.000167888149303105
"X42",0.000253782306346639,0.861605946414576,0.000253782316877525,0.001003879468438,0.0887620447586128,0.0481205647351487
"X43",0.000137097956862229,0.109021696473704,0.5754809911631,0.199499704200343,0.11572341226889,0.000137097937101383
"X44",0.000204438194230449,0.407324828715161,0.468165168324141,0.00447520867891753,0.119625917880141,0.000204438207408799
"X45",9.04653275654004e-05,0.0291320231994603,0.766484718014819,9.04653430301772e-05,0.204111862772102,9.04653430230995e-05
"X46",0.000134765642181038,0.0463362797389273,0.701167774208603,0.00119635795746287,0.251030056810478,0.000134765642348011
"X47",0.000131208395131013,0.0384262925157026,0.659802975683575,0.0010271599452278,0.300481155065342,0.000131208395021728
"X48",0.000567598118031033,0.149269422942945,0.580955468473798,0.0862579824338792,0.172425459312804,0.0105240687185432
"X49",0.335172603290273,0.249734857418376,0.234239091636364,0.00807664394324593,0.172067474745703,0.000709328966037666
"X50",0.00570001784342502,0.000226319485750226,0.305653236656554,0.000226319485750223,0.674025787172494,0.0141683193560271
"X51",0.000327222426749329,0.46867051960767,0.145125064365967,0.160023012827436,0.181595701763686,0.0442584790084905
"X52",0.000214717693216789,0.534647517351894,0.000214717693096768,0.135538893430442,0.329169436138254,0.000214717693096771
"X53",0.000144343801934755,0.0801372624081298,0.632640300131755,0.269865675449393,0.00613057937394417,0.0110818388348436
"X54",0.375234254410917,0.0268030764901884,0.589915323972848,0.0073736068616397,0.000443151688551408,0.000230586575855777
"X55",9.30171018756723e-05,0.0574751743451112,0.872181525186597,9.30171365955417e-05,0.0700642490932254,9.30171365955428e-05
"X56",9.37497034681833e-05,0.251518433682904,0.679580514647384,0.000117175097174573,0.0454594394571482,0.0232306874119206
"X57",0.000290212045767664,0.353471805165592,0.296609153638084,0.153581993112113,0.182571935556337,0.0134749004821057
"X58",0.636643605921605,0.0115591519189063,0.101863488722226,0.00820122955684055,0.212232898888253,0.0294996249921697
"X59",0.000504493213779144,0.03349125050606,0.000504493242099186,0.545040289418829,0.379895082470263,0.0405643911489691
"X60",0.000147175070505372,0.211910792584403,0.654170785434074,0.022703809478045,0.105691807413579,0.00537563001939324
"X61",0.00227871428317764,0.00254372907290679,0.823316438097495,8.86386296764379e-05,0.171683841287067,8.86386296770905e-05
"X62",0.000194387531895487,0.119699589701962,0.521748574313165,0.00299948471955214,0.346304670116954,0.00905329361647121
"X63",0.000300008175023879,0.0117254623660104,0.0379562022388692,0.178112150682771,0.307733511490203,0.464172665047123
"X64",0.000231068798905801,0.361136878016911,0.491740701952526,0.0184414352715143,0.128218847119778,0.000231068840364791
"X65",0.000229588894007779,0.228188718892104,0.472431938566044,0.147617018984318,0.128796412335225,0.0227363223283015
"X66",0.00206287388894896,0.798080948823879,0.000233804106378552,0.000233804106378552,0.177819929840893,0.0215686392335211
"X67",0.000244601375469999,0.000244601375186561,0.000244601375166719,0.514562257872526,0.484459336626464,0.00024460137518656
"X68",6.43108919723408e-05,0.110503522063758,0.8852858902064,0.000228598843497779,6.43108921387718e-05,0.00385336710223372
"X69",0.000435763545525571,0.0123881113650176,0.235623468276035,0.619530751839733,0.131586141438712,0.00043576353497736
"X70",0.00161529776666094,0.0601618316986723,0.514904914386691,0.00021602671806409,0.422885902711847,0.000216026718064089
"X71",0.000135354925120545,0.00308271595406266,0.646511739197431,0.0905944219354294,0.259540413063262,0.000135354924694352
"X72",0.000336870088141163,0.702204276272259,0.153403007609525,0.00147319984245003,0.121929646782772,0.0206529994048531
"X73",0.000163019864855757,0.694829862829579,0.000163019864565672,0.000163019864592577,0.275613502296955,0.0290675752794517
"X74",0.000202403127193737,0.345626267882693,0.558387804302683,0.0688946335436635,0.0219734772449148,0.00491541389885138
"X75",9.5842245173116e-05,0.0210136593883831,0.6909675874375,0.287731226412281,9.5842258331338e-05,9.58422583313367e-05
"X76",8.88873776523777e-05,0.0170903236122602,0.732902137700711,8.88873835178355e-05,0.0286084183984978,0.221221345527361
"X77",0.000215022977468623,0.552897074271931,0.282647243662627,0.0570533004770439,0.0866946613630032,0.0204926972479264
"X78",0.00138389831129683,0.000107716190147483,0.000107716190138279,0.027214432827729,0.971078520290541,0.000107716190147989
"X79",0.000299981152943358,0.000299981174803272,0.288581486144286,0.35212987156296,0.358388698790204,0.000299981174803274
"X80",0.47805144904457,0.0459673652852426,0.373606077513637,0.00334836576187563,0.0979985624471598,0.00102817994751533
"X81",0.000155390962692413,0.356608165612623,0.468243169642201,0.143012834042807,0.00014890905740135,0.0318315306822755
"X82",0.00231487251680044,0.000711104939006843,0.131077866083042,0.527630833066078,0.288889800388371,0.0493755230067014
"X83",0.341559486632477,0.217257109574347,0.156559175558556,0.283201669682843,0.000711279275888295,0.000711279275888295
"X84",0.000294427900833457,0.269860155953361,0.42660040695001,0.0649545824078637,0.237995998891188,0.000294427896743588
"X85",9.00534504757617e-05,0.0362867804900791,0.855165939469707,9.00534629668508e-05,0.108277119663804,9.00534629668509e-05
"X86",0.000200657498709167,0.0800147613561592,0.608340058568786,0.0208081176586286,0.290488527054037,0.000147877863680489
"X87",6.59335078629362e-05,0.0456132335975437,0.868346795029237,0.0858421708257062,6.59335198234251e-05,6.59335198268978e-05
"X88",0.00324480270791611,0.0778518089784352,0.663129668558859,0.0150613512957193,0.237799374481718,0.00291299397735221
"X89",0.000203096581317797,0.031745980428326,0.600472004064738,0.284772463596855,0.0810540591030675,0.00175239622569624
"X90",0.000324381568827991,0.505384059858746,0.0348023547250925,0.441620762825512,0.000324381529859187,0.0175440594919624
"X91",0.000204041897176575,0.0673321706840799,0.462903148361333,0.0832210528521446,0.386135544308237,0.000204041897029318
"X92",0.000298419194961701,0.0284147568766766,0.344735285664564,0.181206427986786,0.445046691082025,0.000298419194987559
"X93",0.00028707190904405,0.0744361169133588,0.469567352531889,0.151292007452107,0.301139579938798,0.00327787125480337
"X94",0.000308885612758416,0.229140717202457,0.490706865789432,0.0784354786602199,0.187416161963926,0.0139918907712062
"X95",0.000219715991613582,0.53192038817903,0.293665166525845,0.145167258301252,0.027040981434617,0.00198648956764289
"X96",0.000127156862550297,0.0580971879851457,0.460024792240058,0.00116715828717262,0.480456547762673,0.000127156862399958
"X97",0.000135108443144285,0.195480484166035,0.607061751682994,0.000135108459040542,0.190045047808479,0.00714249944030819
"X98",0.00672805015091837,0.55163984152246,0.000338300973290217,0.000338300973290215,0.37576950187746,0.0651860045025808
"X99",0.580359828646261,0.307449318162164,0.000602745101874145,0.000602745103897385,0.110382617881935,0.000602745103867592
"X100",9.47276032142081e-05,0.10319235036988,0.847255651547721,9.47275630433421e-05,0.0492678153530978,9.47275630433441e-05
"X101",0.0108721381771832,0.0255069718985768,0.212407827026688,0.114578880523204,0.6109838478568,0.025650334517548
"X102",0.000330100358213994,0.437157539724423,0.357373894401248,0.0226641084702748,0.182144256687978,0.000330100357861936
"X103",0.000201187467941759,0.312409445073944,0.494035726131837,0.0766454552448382,0.115260925424025,0.00144726065741392
"X104",0.000198551411709707,0.025812446101805,0.445366600349455,0.210393522733063,0.318030327992065,0.000198551411902839
"X105",9.09302483348307e-05,0.0336577954471223,0.733004014998957,9.09302475238029e-05,0.233065398810538,9.09302475238033e-05
"X106",0.00019724701444856,0.401963850524275,0.0964914596948246,0.0181997642852911,0.480526655505292,0.00262102297586875
"X107",0.000135062548830041,0.436034595660151,0.563425154096908,0.000135062564703669,0.00013506256470367,0.000135062564703676
"X108",0.000286690139868946,0.307573420549231,0.27358902174386,0.271668200862517,0.14659597657554,0.000286690128984666
"X109",0.00275299287123696,0.816063086796417,0.152489177533223,0.0153249518527881,0.0131472943365415,0.000222496609794257
"X110",0.000141992599063673,0.352276214832361,0.484015447097657,0.000141992603743576,0.163112271984147,0.000312080883027621
"X111",0.00015381162592646,0.000153811628711698,0.106643266437904,0.892622685527696,0.000153811628922692,0.000272613150839575
"X112",0.00021644344307605,0.34789183842871,0.0527104520365246,0.000216443476934856,0.589632268050617,0.00933255456413728
"X113",0.000202639811555241,0.209289141642718,0.5720450209993,0.215761996115908,0.00249856162031613,0.000202639810201767
"X114",0.000191861002725929,0.0235491752546824,0.209105159870077,0.147812527108037,0.608371296774573,0.0109699799899051
"X115",0.000161431348281763,0.620052856811786,0.115064622861657,0.000161431348465862,0.264398226281343,0.000161431348465862
"X116",9.47256768280058e-05,0.217719829875938,0.659661082007032,0.00369708424352787,0.116348166817874,0.00247911137879898
"X117",0.000157466073154454,0.654439814726215,0.106797904647824,0.000157466073373711,0.233690213386835,0.00475713509259768
"X118",8.96335590597836e-05,0.0919831500381359,0.67194320375852,0.00767777603046144,0.228216603054056,8.96335597670239e-05
"X119",0.00113783311189605,0.499696997840522,0.268154940373735,0.0324585065280643,0.189043582318652,0.00950813982713056
"X120",0.000219250736063071,0.000219250737863624,0.161322720218128,0.406074716280609,0.431944811289472,0.000219250737863623
"X121",0.000145010045506427,0.657951564795287,0.150414857564954,0.155363810636816,0.000145010045267826,0.0359797469121687
"X122",0.000284412302393651,0.780784142867425,0.182290094225742,0.000139982725607496,0.0246962758915097,0.0118050919873218
"X123",0.000318451890352063,0.314988179922167,0.363861393990723,0.0256572801795789,0.287105723358159,0.0080689706590197
"X124",0.357462477727906,0.00521137892168069,0.00099168501726581,0.342625039517086,0.29271773379835,0.000991685017711651
"X125",8.68908272858126e-05,0.0179842556493022,0.821095769268641,0.0224928594628163,0.138253333977255,8.68908146999533e-05
"X126",0.000136003631400222,0.0195664453179043,0.711162703543641,0.00469730490097437,0.26052680305062,0.00391073955546112
"X127",0.00207164458218339,0.0547098760211929,0.687112255848123,0.000135724142516437,0.252847974214898,0.00312252519108667
"X128",0.000129205700524492,0.0270649658450739,0.554388742292511,0.418158674730465,0.000129205715712758,0.000129205715712759
"X129",9.49606603295243e-05,0.0529792171553516,0.686980704628243,0.239259012921191,0.0205911439615301,9.49606733550564e-05
"X130",0.00031769363161386,0.271989355919026,0.000317693634351758,0.712985765554616,0.00031769363436836,0.0140717976260237
"X131",9.39530050278952e-05,0.0240984492385654,0.721463559253593,9.39530033508024e-05,0.254156132496112,9.39530033508028e-05
"X132",0.00020666953130058,0.0295855278774411,0.494308993206623,0.475485470333509,0.000206669525562839,0.000206669525562839
"X133",0.000144804297266156,0.247965206726756,0.645127027580164,0.0105271902643206,0.094791723739685,0.00144404739180809
"X134",0.000228881582037914,0.107671728422549,0.58939592293997,0.245219957396735,0.054999148232087,0.00248436142662114
"X135",0.00020038880388992,0.529324372419022,0.418293871856226,0.0431238326465844,0.00885670905984909,0.000200825214428932
"X136",0.000155575361761823,0.859526462178899,0.0290294996928088,0.0259001191664425,0.0828711030547373,0.00251724054535026
"X137",0.000134069633100642,0.00722382540376666,0.610747237437608,0.000134326828708811,0.381626471062472,0.000134069634344166
"X138",0.000293514274267843,0.000293514276791065,0.0864927316489111,0.626761648736905,0.285865076786334,0.000293514276791038
"X139",0.000210348425943114,0.0707459498872217,0.539805663244872,0.157127341715027,0.225378466713683,0.00673223001325309
"X140",0.00195832496221496,0.150162987190313,0.666827081172909,0.167291084815552,0.0136221181145551,0.000138403744456433
"X141",0.000146913833682538,0.0387558238860035,0.751987756546504,0.202283403885725,0.00228305346082353,0.00454304838726172
"X142",9.68625635675887e-05,0.126522605995064,0.759504670192571,0.0013334635951515,0.112445535090432,9.68625632141906e-05
"X143",0.000209365998456481,0.328002795121048,0.510544027337217,0.000491206359184818,0.154938336858391,0.0058142683257028
"X144",0.000139812374874604,0.0100598547831436,0.708849351088217,0.0102786048478168,0.270532564533032,0.000139812372915805
"X145",8.39526520261175e-05,0.0357137458298179,0.699037210865186,8.39526508594865e-05,0.264997185351251,8.39526508594882e-05
"X146",0.000201501625884154,0.0434391568837402,0.287767771194991,0.00607978476427539,0.662310283891272,0.000201501639838072
"X147",0.000153083481632387,0.792018155683763,0.00544164428991626,0.00819591965534302,0.173011132354513,0.0211800645348328
"X148",0.000198034424642551,0.00184462347599232,0.504851219646195,0.328865039906244,0.164043048122355,0.000198034424571636
"X149",0.000316482101366497,0.440841705977639,0.212868962353381,0.251366544319214,0.0942898231443012,0.000316482104097931
"X150",0.000134364130766715,0.000134364146537715,0.575099994075437,0.424362549354184,0.000134364146537709,0.000134364146537709
"X151",0.000494409144477783,0.0723563349540363,0.521777395996503,0.255003925019603,0.139403495616112,0.010964439269267
"X152",0.000452717339958154,0.030996772780527,0.226465603095335,0.51904685320069,0.222585336213696,0.000452717369793579
"X153",0.000345833297610738,0.0656108082000184,0.000345833303406923,0.46265724883237,0.458595830346723,0.012444446019871
"X154",9.4060604572144e-05,0.0265986873715172,0.700152358222294,0.141354953314506,0.131705879861831,9.40606252797808e-05
"X155",0.000221226568207811,0.65550645988205,0.115595482544571,0.0134166625487258,0.211014479130679,0.00424568932576607
"X156",0.00013683548437584,0.231261039164072,0.58298670159792,0.0440535830178964,0.141425005248659,0.000136835487076704
"X157",0.000193198042559843,0.0347931245991055,0.621102167140245,0.000141916648661953,0.343627676920766,0.000141916648661953
"X158",0.000102037721634335,0.0455643495775065,0.829771393563576,0.0751118894455006,0.0493482919705964,0.000102037721186138
"X159",0.000439696959305533,0.0687054942260446,0.363552702249937,0.171187358726304,0.368140547457065,0.0279742003813435
"X160",0.000126673578975384,0.0267339822826488,0.609236692735653,0.0034321156046458,0.360343862220759,0.000126673577317742
"X161",0.000657717550343821,0.320734866456828,0.130060524624401,0.377829271356366,0.128770240564035,0.0419473794480261
"X162",0.000201993431053931,0.000201993462602459,0.396151983667528,0.30076223729272,0.301578691589903,0.00110310055619323
"X163",0.000154232416084463,0.132632753873958,0.666605829153077,0.00110001024638223,0.189257941321924,0.010249232988574
"X164",0.000106978436599758,0.0391283703377231,0.000106978438289794,0.000106978436754308,0.954544962892758,0.00600573145787548
"X165",0.000303508289518639,0.206284898869086,0.0313092207230676,0.579145522636816,0.182653341208891,0.000303508272619847
"X166",0.000191250182509761,0.445079686898257,0.425403155801206,0.0487115866754169,0.0756755955372116,0.00493872490539893
"X167",9.65887454729676e-05,0.241252379285804,0.721141975419588,0.00327157704085053,0.0330649636464147,0.00117251586187063
"X168",0.00051152344751209,0.0720309422867617,0.107920525861626,0.432771451969193,0.386254032993982,0.000511523440925795
"X169",0.387775950741457,0.000358207140896224,0.000358207141041636,0.499221391732675,0.10967324680153,0.00261299644239988
"X170",0.000280500054664426,0.000280500054501611,0.000280500054305991,0.790656871242948,0.158395046684332,0.0501065819092474
"X171",0.000300133532226698,0.146184430570161,0.450460702668904,0.234336862918517,0.165515117010175,0.00320275330001646
"X172",0.000669353604582654,0.17593070002382,0.218016508747834,0.555627457420258,0.0490866266032692,0.000669353600235641
"X173",0.000137801310813274,0.275620678123846,0.611664089230755,0.000137801310502942,0.11230182871358,0.000137801310502942
"X174",9.03735210192583e-05,0.0149397614960115,0.834266997891622,0.0849716932998009,0.0656408002577892,9.03735337572298e-05
"X175",9.04803409573727e-05,0.0950347759471304,0.70686724730649,0.0176385873022149,0.180278428762565,9.04803406418107e-05
"X176",0.00021644462327059,0.572828065694553,0.15635468881901,0.199154229920386,0.00473845977248161,0.0667081111702993
"X177",0.000168191968495675,0.658529699893847,0.000168191967862317,0.000168191967873834,0.340797532234048,0.000168191967873835
"X178",0.000187744070691617,0.0182743733204041,0.407042067521292,0.574120326922032,0.000187744082790236,0.000187744082790232
"X179",0.000289852407426303,0.343799565180812,0.330636663509831,0.00246650144432115,0.313544689140904,0.00926272831670541
"X180",0.000136799737704134,0.0485983336253159,0.601389683683209,0.177781029406457,0.162942321363487,0.00915183218382579
"X181",0.000187734862451691,0.0901486317796674,0.493080272255526,0.000187734863795564,0.41141927731261,0.00497634892594954
"X182",0.00028998095419268,0.49958332148814,0.201685885511408,0.000289980979552087,0.284841142904345,0.013309688162362
"X183",0.000141703684754623,0.039046746223756,0.695395446330161,0.233349781862114,0.0319246182209765,0.000141703678237159
"X184",0.503575423358041,0.283459366096622,0.000498746491529594,0.0752442867831929,0.123241482355756,0.0139806949148585
"X185",0.0183710794485421,0.00344286078915809,0.000166434983097176,0.000166434983385912,0.97768675481243,0.000166434983387032
"X186",0.000335756175472694,0.000335756197991646,0.00033575618379801,0.718518860124811,0.269837570679897,0.0106363006380286
"X187",9.89360261308248e-05,9.89360259852508e-05,0.0992557273797063,0.00774292237553151,0.8927045421666,9.8936026046389e-05
"X188",6.29234506382805e-05,0.0811540288804067,0.918594277268636,6.29234664182063e-05,6.29234664194189e-05,6.29234674813879e-05
"X189",0.000842365887720688,0.00365516322257238,0.846799422002911,9.12062151079465e-05,0.14852063645658,9.12062151085024e-05
"X190",0.000209604311103749,0.027680806710206,0.510011887417373,0.428798948505756,0.0330891487434953,0.000209604312066351
"X191",9.38509995203051e-05,0.00183410869833947,0.787212716094925,0.0348982751559155,0.175867198056353,9.38509949474518e-05
"X192",0.00974472958315427,0.00479778751598235,0.485410317492909,0.0205488353138355,0.47929871745672,0.000199612637399079
"X193",6.91207213646531e-05,6.91207215836667e-05,6.91207216406043e-05,0.0094921832462813,0.99023133386832,6.91207208097898e-05
"X194",8.8811577452391e-05,0.0508362249188663,0.749521810420736,0.00112035443200105,0.197833836171713,0.000598962479232055
"X195",0.000202845075667597,0.000202845072854623,0.374792442134665,0.0485779855007643,0.547111144667705,0.0291127375483432
"X196",9.5768662262173e-05,0.0275423743968658,0.781633386593804,0.00865571812626759,0.181976983545386,9.57686754146922e-05
"X197",0.000594626441923085,0.240671833276518,0.248789903015208,0.00479874244210145,0.504828810424395,0.000316084399853778
"X198",0.000197602651578715,0.0689847442730966,0.514504777671771,0.0555633955955114,0.360551877143653,0.000197602664389295
"X199",0.000150575196237425,0.00015057519520729,0.000150575195381863,0.420197874547289,0.576137390798728,0.00321300906715656
"X200",0.00137419226141841,0.0317717296919782,0.782726230036057,0.0534221411369121,0.130611138559988,9.45683136467326e-05
"X201",0.0070776959490541,0.0512789086854661,0.188396125915155,0.283320667349429,0.46948963136016,0.000436970740736712
"X202",0.000134917552499619,0.023254125432905,0.593148494252889,0.169414611483866,0.213912933727727,0.000134917550113524
"X203",0.000336492732257563,0.309110461781216,0.000336492739420267,0.376357316370899,0.302079358692437,0.0117798776837704
"X204",0.000209830298481915,0.0912035585791367,0.506841413397169,0.115568748896523,0.278061884232025,0.00811456459666396
"X205",0.000551977211730524,0.0513081622408006,0.647870038400611,0.00273030730847589,0.297402446057619,0.00013706878076344
"X206",0.453060296875204,0.00276832204577631,0.000329703579370456,0.0132862849939887,0.530225688925914,0.000329703579746176
"X207",0.00013390895457735,0.0927955952266877,0.622315510348947,0.000133908955391997,0.284487167559003,0.000133908955391997
"X208",8.73593379936509e-05,0.0983838902804331,0.68850389076681,0.11791674134613,0.0950207589308647,8.73593377689934e-05
"X209",0.00886931291704927,0.000288150814872635,0.382072779166892,0.320359233385126,0.288122372901187,0.000288150814872638
"X210",0.000200182686167019,0.429621753397335,0.468616581433391,0.00020018268980369,0.1011611171035,0.000200182689803691
"X211",0.000253629683768471,0.000253629698377278,0.000253629698462497,0.560415921007026,0.438569560213826,0.000253629698539923
"X212",0.763216111989246,0.0135441721392474,0.0390387266237624,0.0166548609429874,0.16714997877836,0.000396149526397374
"X213",0.000462142335681545,0.135985183622838,0.335094410435276,0.363060389677051,0.16493573164623,0.000462142282923169
"X214",0.00258055530969905,0.0030774669912467,0.000260760483067568,0.119562572116604,0.874257884616037,0.000260760483346032
"X215",9.74458528366465e-05,0.285568918240489,0.714041298307479,9.74458663948214e-05,9.74458664056308e-05,9.74458663948219e-05
"X216",0.00312593234291184,0.227175078899138,0.612339898988481,0.0137409143587463,0.141657074844668,0.00196110056605401
"X217",0.000137873188218245,0.0150450397021648,0.572846658543951,0.204452681500856,0.207379873872326,0.000137873192483153
"X218",0.000295505975831641,0.0769506459767416,0.323374784713225,0.339618499435293,0.214695580142526,0.045064983756383
"X219",0.00011502242440983,0.000115022423950976,0.000115022424416559,0.000115022424486159,0.983505248693978,0.0160346616087585
"X220",0.0125234666833127,0.000219187429902011,0.220657479218541,0.0169571272141375,0.749423552024205,0.000219187429902011
"X221",9.08923493796493e-05,0.0287385482781499,0.730794693980157,0.00218089605217634,0.238104077012356,9.08923277814771e-05
"X222",0.000147447799256867,0.0480288419486304,0.620840267073664,0.0281177759836081,0.298162580089813,0.00470308710502769
"X223",0.000196759769562136,0.000196759786782809,0.15812963434203,0.38739914797533,0.453880938339512,0.000196759786782808
"X224",0.000150673653850134,0.716699627598856,0.000150673671638792,0.260444152725289,0.000356412514540382,0.0221984598358259
"X225",0.648170682939722,0.0085837483974077,0.000660608810007484,0.237906229680211,0.0992793070424841,0.0053994231301676
"X226",0.000291496220811928,0.245161763507714,0.38196268801306,0.248752149549817,0.119655958689873,0.00417594401872314
"X227",0.000138539147564087,0.0259670728112259,0.640378988543038,0.000138539136647513,0.333238321224877,0.000138539136647515
"X228",0.000144733720615798,0.109961479072876,0.714447156650422,0.000144733718701322,0.164969173790893,0.0103327230464912
"X229",0.000100550585160607,0.689651061716059,0.00546562509464057,0.287813000332237,0.000100550575492794,0.0168692116964096
"X230",0.000349337838263356,0.402482090959872,0.000349337838770886,0.178132012836045,0.418337882688294,0.000349337838755019
"X231",0.000327813857406571,0.439693134456144,0.100580563442538,0.00108651729793122,0.44310741052931,0.0152045604166708
"X232",0.000207267164881929,0.0245679113858127,0.3940347336375,0.300991622274917,0.279991198358643,0.000207267178245817
"X233",0.00367269977369841,0.534097521883293,0.096904217405224,0.00121515292047532,0.348470415428672,0.0156399925886377
"X234",9.65509137948691e-05,0.255362491229573,0.593475805380277,0.102353453433541,0.0486151481338206,9.65509089926985e-05
"X235",0.000298862341692889,0.134457674578895,0.398024987637213,0.466620750792134,0.000298862325032692,0.000298862325032698
"X236",0.00020920386159989,0.354637172083875,0.000209203861475057,0.294583558715068,0.350151657616557,0.000209203861424512
"X237",0.000165084573274859,0.768342360930961,0.000165084592673552,0.0193581455802689,0.203108623429406,0.00886070089341592
"X238",0.00014683552399734,0.14365876072322,0.677033293358433,0.0140761944028954,0.156241183474492,0.00884373251696209
"X239",0.0997815591086592,0.0208826049531978,0.659038181072306,0.200205623975877,0.0177905704725277,0.00230146041743225
"X240",0.000208029695149584,0.128734881903924,0.544150611345655,0.000208029727511755,0.326490417600248,0.000208029727511685
"X241",0.000188228861597215,0.0364190191817878,0.448473272861407,0.0326782465542339,0.476733043473963,0.00550818906701154
"X242",0.000336050961013816,0.445355460661091,0.0337237374099804,0.519912649055212,0.000336050956351282,0.000336050956351283
"X243",1.58484163744841e-05,0.00991314200464023,0.584279296021454,0.0173961275204096,0.388379737620771,1.58484163507146e-05
"X244",9.7093333994212e-05,0.177642571409479,0.690233007669639,0.12570127999015,9.70933326473527e-05,0.00622895426409098
"X245",0.000148661701410079,0.0245120994253024,0.156580758479182,0.0407558241977661,0.777853994495174,0.000148661701166158
"X246",0.000490503466150192,0.754099817324159,0.122078918418184,0.000162358256819469,0.0900451000000273,0.03312330253466
"X247",0.000444962168533174,0.0348642221475646,0.357402115256663,0.498628513432379,0.0838368011781397,0.0248233858167203
"X248",0.000200303584346467,0.0341158223361766,0.572427714443865,0.3146370104217,0.0784188456165979,0.000200303597313324
"X249",9.3668615251837e-05,0.00160396698190012,0.795369604353583,0.00278407363881045,0.200055017796421,9.3668614033804e-05
"X250",0.000249163603395517,0.0243861917448358,0.0505681656186356,0.000249163590810392,0.921258462729515,0.00328885271280764
"X251",0.664986668789033,0.000331059411630281,0.000331059411727633,0.000331059411308211,0.333689093564237,0.000331059412063011
"X252",0.000324670352946536,0.295855128786402,0.0849303020571709,0.614514609923825,0.000324670352133055,0.00405061852752207
"X253",9.42669236995881e-05,0.0546583242309231,0.940381951153151,9.42669148027387e-05,0.00467692386262083,9.42669148027379e-05
"X254",0.000306662193799664,0.0211451543961366,0.412258402919155,0.278880823192303,0.287102295106994,0.000306662191611999
"X255",0.000135202262253638,0.00860324661365052,0.656677484514864,0.000135202258307927,0.334313662092616,0.000135202258307926
"X256",9.02670815855328e-05,0.0710583291544636,0.716362663002184,0.0219556812787883,0.185263136803157,0.00526992267982164
"X257",0.000147086978954251,0.766606263212413,0.14856624517043,0.000147086978167578,0.0823357831483815,0.00219753451165435
"X258",0.000472385308446383,0.42644762415211,0.289292151256585,0.235478846675845,0.0238632444429271,0.0244457481640866
"X259",0.718690970496335,0.000420852201603589,0.177374031301155,0.0210866000212115,0.0820066937781134,0.00042085220158259
"X260",0.00876393210806177,0.000255266526962318,0.000255266526920265,0.471463058349405,0.519007209961688,0.000255266526962317
"X261",0.00031961298729901,0.0145819530372164,0.329764922939257,0.190292230854923,0.459685120955321,0.00535615922598336
"X262",0.00243461459246594,0.598367527364016,0.139150364930983,0.0201439458488957,0.203847508737951,0.0360560385256885
"X263",0.000105466890340717,0.00605052674915244,0.000105466890301661,0.0174309836085584,0.976202088971385,0.000105466890262118
"X264",0.513960156424164,0.0156386932384837,0.380805016195059,0.000317080800488022,0.0889619725413423,0.000317080800463161
"X265",0.0159765961282602,0.037159055752897,0.669343470763157,0.006116407539249,0.271269196978592,0.000135272837844946
"X266",0.000264737055643461,0.000264737017997747,0.000264737018114152,0.522016098771569,0.476924953118678,0.000264737017997742
"X267",0.000271938674660402,0.040564601962497,0.781417150598823,0.00462499101178619,0.153847368453933,0.0192739492983008
"X268",0.000325488799309583,0.0127009054779002,0.110953578649128,0.287130507743646,0.57727446761749,0.0116150517125266
"X269",0.000348017122387225,0.192736046593924,0.384253032755687,0.296623929627318,0.12569095677938,0.000348017121303566
"X270",9.19409848948071e-05,0.207994817678378,0.787670237234077,9.19409975536809e-05,0.00405912210754305,9.19409975536808e-05
"X271",0.00332506948579586,0.0241268023723211,0.695323119316856,0.276942945927038,0.000141031448994498,0.000141031448994497
"X272",0.000203116065533853,0.0445423955139318,0.454395350811802,0.364078682638079,0.117247909013912,0.0195325459567415
"X273",0.000133661313191006,0.140860277145018,0.560531783850913,0.00665054973445732,0.291690066642877,0.000133661313544833
"X274",0.000325752551338589,0.0411702756511859,0.196724943027966,0.284334674297324,0.466986773168818,0.0104575813033672
"X275",0.000102553201567081,0.136749753613223,0.819090321928834,0.0415299372769874,0.000102553201862677,0.00242488077752577
"X276",5.85423172219117e-05,0.0402628014413431,0.886040638597231,0.0358903843510416,0.0376890909766209,5.85423165408764e-05
"X277",9.01468158278978e-05,0.0179956514259334,0.798342923925417,0.115144867575632,0.0683362634288018,9.01468283877779e-05
"X278",0.00411612000597482,0.380773518761064,0.000370934076364219,0.220076369119309,0.394292123960934,0.000370934076353711
"X279",0.000146277020163156,0.0337105856960685,0.272718256393226,0.000146277019796034,0.69313232685095,0.000146277019796033
"X280",0.000246653816179825,0.742035297600673,0.0200603469106167,0.011029858846512,0.226381189002186,0.000246653823832828
"X281",0.000453228876319565,0.0151147440794291,0.247809121236589,0.446176039552864,0.281121871248601,0.0093249950061974
"X282",0.000133004356393035,0.1764807272078,0.605069230525341,0.0173962745570757,0.200787759068566,0.000133004284824877
"X283",8.63128670333021e-05,0.0339424741630598,0.725674031669698,8.6312876277677e-05,0.240124555547654,8.63128762776772e-05
"X284",0.000148269975376999,0.369142666547203,0.579366792789647,0.0113375165011717,0.02352887309134,0.0164758810952612
"X285",5.69513409527638e-05,0.0289195587356849,0.888715248315541,5.69513245082622e-05,0.0821943389588035,5.69513245096734e-05
"X286",0.000359072004692958,0.555554807457213,0.000359071996100586,0.0140593884638261,0.429308588082083,0.00035907199608356
"X287",9.34109495294813e-05,0.0321723841493188,0.754905295528492,0.00165256327541515,0.210825288774189,0.000351057323056096
"X288",0.000305872726035989,0.445056390527561,0.217150881522505,0.325901490631003,0.000305872720624372,0.011279491872271
"X289",0.000221844957252451,0.0725344607499127,0.000221844957301911,0.103308745239842,0.23308685641504,0.590626247680652
"X290",0.000217225835413763,0.207606886997783,0.107297869086256,0.000217225824443073,0.67747766675778,0.00718312549832478
"X291",0.000148263673024845,0.0179136241413361,0.633251857680063,0.000148263672896489,0.325432269364413,0.0231057214682672
"X292",0.00268511195787181,0.577112264706152,0.000326641337203697,0.0110989308695549,0.374497369365072,0.0342796817641453
"X293",0.504259600887682,0.18249444033222,0.000321454812040183,0.0195270671357672,0.293075982020266,0.0003214548120248
"X294",0.000311201068565097,0.00496757774326841,0.382601508391389,0.0105927404360282,0.523887431933248,0.0776395404275014
"X295",0.000143759466315827,0.00014375946594231,0.0001437594637317,0.775213109970457,0.224211852167611,0.00014375946594231
"X296",0.0074887947453027,0.0635791452234761,0.374023107708553,0.000580321973964129,0.554125254873434,0.000203375475270335
"X297",0.000227023245994493,0.663918627455394,0.110660389990464,0.000227023234263386,0.202226876662246,0.0227400594116372
"X298",9.49462901807058e-05,0.0474442267899605,0.748136450336422,0.00200895286235838,0.202220477433761,9.49462873172565e-05
"X299",0.000289134685618652,0.421583878819965,0.29409243745889,0.0200799899674142,0.263665424383184,0.000289134684927612
"X300",9.43752536958311e-05,0.21811945435433,0.661320963701744,0.0193059979160482,0.101064833507341,9.43752668412818e-05
"X301",0.000229024934497654,0.0443575661833635,0.320560852753951,0.344205317216524,0.236917077291964,0.0537301616197003
"X302",0.000136083537337061,0.0513061290665803,0.505755509661466,0.0168400224898054,0.415589402487375,0.0103728527574367
"X303",0.00308196048276445,0.000176719028706112,0.00017671902856283,0.0357405505605645,0.959744059454586,0.00107999144481626
"X304",0.000488216176030155,0.000488216164224645,0.0678304437398297,0.630884700163483,0.290539363656676,0.00976906009975616
"X305",0.000221741794598873,0.387058418549726,0.000221741783428413,0.363922036368646,0.241095593351453,0.00748046815214782
"X306",0.000108133062658312,0.0199479026670062,0.742994220272945,0.184535708375428,0.0135134348335101,0.0389006007884518
"X307",0.0129043963740582,0.000433652475373914,0.000433652475532248,0.32386541450012,0.661929231699394,0.000433652475521504
"X308",0.000218933745653898,0.345330623194185,0.339652663742388,0.313688565704672,0.000890279835722809,0.000218933777378468
"X309",7.32958589410315e-05,7.32958588999148e-05,7.32958588849705e-05,0.00606234277107226,0.993644473793302,7.32958588999154e-05
"X310",0.157261395890983,0.0166328546601153,0.398911466948357,0.303491373567144,0.118788658022516,0.00491425091088557
"X311",0.000300371645624386,0.0171576271967351,0.0641730502375334,0.552621305240312,0.334329300305533,0.0314183453742623
"X312",0.191733820068491,0.225054848188945,0.490537751206979,0.00620495105352754,0.070323490795836,0.0161451386862213
"X313",0.00030548858184254,0.182667286600598,0.000305488604057756,0.385770115922472,0.395908623146116,0.0350429971449142
"X314",0.000134027393528494,0.0279701753351314,0.631002419062691,0.0680182491616168,0.266778425423092,0.00609670362393962
"X315",0.00010411997242936,0.0001041199723716,0.000104119972444163,0.317687255025502,0.681896265084881,0.0001041199723716
"X316",0.000159099075343853,0.00467779279725418,0.000159099072987211,0.298132606561891,0.696712303419367,0.000159099073156714
"X317",9.93881661756067e-05,0.0428248355272839,0.765004208511658,0.182796664173927,9.93881653622494e-05,0.00917551545559317
"X318",0.256612347090514,0.0200473276180214,0.343858562134318,0.190743292060829,0.188101179201285,0.000637291895032394
"X319",0.000949489034335302,0.0698473280838726,0.69297788306551,0.0106341253032277,0.225452727067848,0.000138447445205834
"X320",0.000200494065944113,0.389089275881858,0.432443562402051,0.000206600224946531,0.170550349439671,0.00750971798552939
"X321",0.000242660291501076,0.0266186931755242,0.000242660291831687,0.29800039233502,0.674652933614285,0.000242660291838159
"X322",0.000167104734205892,0.910931708855437,0.0509727751005046,0.000167104730457015,0.0156711872446639,0.0220901193347319
