"","B cells","EPCAM+ cells and cholangiocytes","Hepatocytes","LSEC","NK,NKT and T cells","Stellate cells and myofibroblasts"
"X0",0.166064231918164,0.106538509562276,0.490538387982918,0.0423671921034059,0.161253441886996,0.0332382365462393
"X1",0.225986095265435,0.0648421007029238,0.0469306905096985,0.290242602116207,0.281700394195135,0.0902981172106012
"X2",0.305059536579762,0.153089689036638,0.360818981932902,0.0374126461298341,0.0760453645278837,0.0675737817929793
"X3",0.154255582213109,0.310061514360375,0.38611754989126,0.0407791474510794,0.0219951899211265,0.0867910161630507
"X4",0.484003537276957,0.0634074549817959,0.116905180753072,0.0596875434742619,0.246954184737685,0.0290420987762284
"X5",0.228162024192948,0.0697612155668403,0.143233066435017,0.0216593706964489,0.449008675696439,0.0881756474123072
"X6",0.273727830887591,0.317745622009838,0.191834253962443,0.11579830441752,0.032215239095395,0.0686787496272134
"X7",0.240801342629073,0.0261797381213117,0.0439959929957917,0.389253127521819,0.179114349550114,0.12065544918189
"X8",0.492248252794046,0.0823838322223864,0.0198853427812312,0.184267391122855,0.109110716138457,0.112104464941025
"X9",0.401460088868162,0.0701925011067712,0.265641511633716,0.033651811950707,0.192729102351054,0.0363249840895895
"X10",0.193558656347171,0.0873193062987894,0.2359931208918,0.167110025030363,0.224439999763221,0.0915788916686552
"X11",0.609418774328313,0.0590128672098057,0.0282740854843428,0.0404617108176177,0.231233962771535,0.0315985993883854
"X12",0.261474049109483,0.0528985927383268,0.219117356633012,0.0861267093354439,0.320542427526904,0.0598408646568301
"X13",0.16049613589968,0.0956488863692375,0.446806790327081,0.0282312890506109,0.206464991849563,0.0623519065038268
"X14",0.178434034077376,0.10558822017009,0.404795743374386,0.0844179017323949,0.154381101256161,0.0723829993895915
"X15",0.171678699578838,0.231058311233778,0.258637076140546,0.17705834668062,0.0856241635247837,0.0759434028414344
"X16",0.133005225205319,0.241998319600393,0.470310578952513,0.0429006683779158,0.0291396652067879,0.082645542657071
"X17",0.174928947321422,0.0916561175954604,0.435996951967247,0.0188394887726566,0.234103109877155,0.0444753844660582
"X18",0.140767426569069,0.48921169985546,0.198452840779899,0.0539744877923882,0.0264436114856611,0.0911499335175221
"X19",0.15627313357375,0.131050256622753,0.512728500619114,0.0257571109308719,0.129307091157934,0.0448839070955773
"X20",0.229096398182066,0.318664816359324,0.136707009109969,0.0860055752328219,0.147885257080203,0.0816409440356163
"X21",0.199169087187087,0.267946415878055,0.160632354943095,0.19925854356321,0.110192550708514,0.0628010477200405
"X22",0.207873685437522,0.0896498527124531,0.393181322837215,0.0297189357274295,0.220894950151167,0.0586812531342131
"X23",0.207004180628856,0.0888179503756723,0.358924557326574,0.0317905335256076,0.237869518011955,0.075593260131335
"X24",0.213223666620209,0.412832967516348,0.0751416743686823,0.0297042367515111,0.187884819608079,0.0812126351351706
"X25",0.26824737908658,0.33368528023724,0.0757519636501875,0.0790683843131666,0.159005820450169,0.0842411722626572
"X26",0.174846341591275,0.239664061537143,0.07305741432035,0.338096226817797,0.0562578333537585,0.118078122379676
"X27",0.151957351168383,0.0783546576649364,0.282544243632378,0.0367107355222202,0.391096697553741,0.0593363144583414
"X28",0.275636655697836,0.054188878545277,0.0692306044574749,0.148030876470056,0.352563816322767,0.100349168506589
"X29",0.167173541881938,0.365522818357354,0.358867405188529,0.0371895343517031,0.0181972230690028,0.0530494771514724
"X30",0.354972573998695,0.0819753682589959,0.138322551383882,0.048859900943815,0.375869605414613,0
"X31",0.294187815427457,0.0716450512582141,0.0476778905232625,0.0390661722360003,0.489060686860323,0.0583623836947437
"X32",0.221596014409845,0.408414701852306,0.0850435329515478,0.0440011603588514,0.159282408759373,0.0816621816680772
"X33",0.150713835527971,0.0663100637091381,0.429351183993002,0.0434460936237294,0.268657352653867,0.0415214704922925
"X34",0.154553449660948,0.102380707166029,0.409258157422222,0.036214026693962,0.248935241006582,0.0486584180502574
"X35",0.286019816587485,0.0524609751497138,0.0370875996281243,0.239320635156061,0.285221615073446,0.0998893584051694
"X36",0.156647787195949,0.064951839157577,0.256362548138796,0.156518294009916,0.279401429923321,0.0861181015744407
"X37",0.28266574195173,0.0767607171713408,0.0389694752461144,0.037433270171546,0.512258537612002,0.0519122578472674
"X38",0.178466725038082,0.105386509363062,0.260462455864344,0.236308521796493,0.160718685520612,0.0586571024174077
"X39",0.219615194836418,0.07052809534396,0.0239745895953826,0.332062074864408,0.248360535119769,0.105459510240061
"X40",0.168554242573765,0.0804891120371928,0.429106539934554,0.207771538713718,0.018675534943989,0.0954030317967803
"X41",0.331581900460874,0.0473695222956264,0.0353904269990338,0.0703457250221456,0.46010937844962,0.0552030467727001
"X42",0.135834892920018,0.516518026572175,0.131957548170145,0.0320470464392353,0.0808222966452135,0.102820189253214
"X43",0.170284533934256,0.172822977228848,0.327964320538748,0.137499039902122,0.126004064791575,0.0654250636044503
"X44",0.116973544541594,0.307977305555008,0.312625353290801,0.0687637693835622,0.114660201456859,0.0789998257721758
"X45",0.165506152839583,0.0904782169297568,0.450868958530063,0.0300470844431179,0.209924706411782,0.0531748808456976
"X46",0.136103982195413,0.0878819394853751,0.456719087890078,0.0423238393034131,0.232667360229275,0.0443037908964464
"X47",0.184576958779948,0.0708153701996727,0.402071554101387,0.0282010204243717,0.268620733826269,0.0457143626683514
"X48",0.143007214967961,0.179743254122754,0.364324737843004,0.0815733317410158,0.166292045598355,0.0650594157269102
"X49",0.329040257906917,0.23080412110809,0.203025551055873,0.0437572127993612,0.130412862736637,0.062959994393122
"X50",0.306261575650309,0.0492699394876563,0.211608156482439,0.0300493393376616,0.339566576009172,0.0632444130327613
"X51",0.196481180595888,0.284986430846338,0.16286866614475,0.111363599510539,0.141255939813923,0.103044183088561
"X52",0.27008948739881,0.299397905867717,0.0904130757775889,0.0741239484407821,0.202547318686256,0.0634282638288461
"X53",0.200309588344559,0.146536384862884,0.346100553562628,0.223422767201424,0.0111864489954867,0.0724442570330181
"X54",0.423327129843907,0.0952009376283488,0.376473713325321,0.0280869171964882,0.0446097967062753,0.0323015052996588
"X55",0.148619209768543,0.140372416410405,0.52854742722334,0.0185961515922801,0.106671723842681,0.0571930711627512
"X56",0.16343084423502,0.226330191062343,0.42187427742604,0.0298715204780707,0.0606931722705108,0.0977999945280159
"X57",0.148019593842426,0.26532454072803,0.230397684568439,0.130723074379026,0.152897301606062,0.0726378048760175
"X58",0.483353902768561,0.0583175980209913,0.126433856438196,0.0512280426561551,0.221453305756804,0.0592132943592921
"X59",0.197554697182913,0.0740168962977372,0.0425906324796383,0.364275078896744,0.204768421909777,0.116794273233189
"X60",0.189456614286975,0.202084156247105,0.363574606769316,0.0578417030101232,0.125985779252725,0.0610571404337566
"X61",0.177426400526055,0.0814184602782843,0.499880546530211,0.0276227511120458,0.16453238270337,0.0491194588500342
"X62",0.168230049655341,0.157230520167641,0.32685232624197,0.0310653204917635,0.257533347146218,0.0590884362970652
"X63",0.141019468702032,0.0290235632060348,0.0868131491522683,0.139560419985602,0.174797227154355,0.428786171799708
"X64",0.205678458186834,0.307788330464633,0.28303169759185,0.0391487160586542,0.0869861015677168,0.0773666961303124
"X65",0.143087824365507,0.229858694035551,0.308614005113341,0.114232714446847,0.104509981166288,0.0996967808724643
"X66",0.173116833207285,0.502832659810906,0.0916757259926817,0.0390230211360831,0.110909699854288,0.0824420599987557
"X67",0.276461359082767,0.0792404601249052,0.0318349269709683,0.271625558572281,0.273437259955631,0.0674004352934483
"X68",0.146771900965377,0.211296293169878,0.524246560980608,0.0315436457322288,0.0294234440339647,0.0567181551179435
"X69",0.234287187907122,0.0513578530304837,0.186266390349164,0.349246344094338,0.110607038127453,0.0682351864914389
"X70",0.25014167275654,0.109251456370266,0.297421842107741,0,0.285413520721713,0.0577715080437399
"X71",0.178044499543266,0.0786397129891878,0.371013106435142,0.0978674607596306,0.20712675630747,0.0673084639653026
"X72",0.12108932244661,0.453025065933251,0.198073801224327,0.050886429072934,0.0985294302831896,0.0783959510396885
"X73",0.220677412306212,0.384388802409981,0.0922624928380196,0.0399556468974322,0.163507691458309,0.0992079540900453
"X74",0.152812328599791,0.291956367069364,0.363872509633718,0.0661827227714403,0.0531280722443889,0.0720479996812979
"X75",0.10561591820799,0.115270832984656,0.433471729166489,0.219322138425052,0.0483507655907873,0.0779686156250263
"X76",0.0910189321841436,0.0713790891183123,0.467684231114975,0.0133504105297087,0.0582585989492684,0.298308738103592
"X77",0.116279404123115,0.381939845715039,0.235532809515908,0.0862613937116513,0.098301050168451,0.0816854967658356
"X78",0.415293892943927,0.0606521763403852,0.0395522789930986,0.0486431891089517,0.372663720546181,0.0631947420674562
"X79",0.175624152843999,0.0761463362656236,0.208268204367977,0.219529200723602,0.238633828413185,0.0817982773856129
"X80",0.462321776065223,0.0919657247343867,0.258409673785491,0.0337468503632744,0.106684342266773,0.0468716327848521
"X81",0.132511611699057,0.282976261668019,0.30245585877777,0.119687028882663,0.0418005566649385,0.120568682307553
"X82",0.222756148400477,0.0858118210805111,0.141979690285494,0.248129621035741,0.184332419091944,0.116990300105833
"X83",0.370527978346688,0.210095620310632,0.148033132900847,0.182143791701857,0.0229534292392919,0.0662460475006837
"X84",0.232150139531907,0.21834979096405,0.269460632593955,0.0434817667319803,0.166037517420681,0.0705201527574271
"X85",0.146415271855992,0.128792471033834,0.495395854337853,0.0227970036633312,0.138909142975999,0.0676902561329903
"X86",0.185176901406548,0.136933086818991,0.354478575866772,0.0385576539934049,0.223716921175262,0.0611368607390214
"X87",0.127701091000001,0.116860662449988,0.519873062239639,0.123233833296926,0.0350357636862494,0.0772955873271976
"X88",0.214076598415801,0.112897266443283,0.363342178150944,0.0480856475884924,0.180144960659197,0.0814533487422822
"X89",0.185666288727147,0.0882828983203703,0.32621005240109,0.2089580660946,0.107653667457539,0.0832290269992535
"X90",0.226599409983222,0.254120375115744,0.144034751730687,0.226142347359869,0.0267435137071468,0.122359602103331
"X91",0.148452688402396,0.132492964680293,0.319666888929854,0.0843393096935439,0.263309750225109,0.0517383980688052
"X92",0.15804441486118,0.0723903742174842,0.244127857132459,0.142640134992774,0.325946423403168,0.0568507953929343
"X93",0.210777415023233,0.120158289310674,0.265312957384173,0.122627513769641,0.192778980731775,0.0883448437805046
"X94",0.145166697954608,0.224236785377313,0.303142802841194,0.0971158241757422,0.153407372176374,0.0769305174747676
"X95",0.237665474145833,0.3158851422982,0.220074193156387,0.101785473896282,0.0507208800702166,0.073868836433081
"X96",0.246684433406965,0.128068219016939,0.283183186827095,0.0488754839226726,0.246351885517639,0.0468367913086898
"X97",0.120965496070317,0.211307438581205,0.371715508964714,0.0394457480436795,0.206813043557291,0.0497527647827932
"X98",0.234473621565004,0.341400401545113,0.0816288923020658,0.0674734118332157,0.183189512864205,0.0918341598903958
"X99",0.481336531672758,0.295925480777565,0.0278303981154071,0.0342373701134956,0.109488977118452,0.0511812422023223
"X100",0.116758801393301,0.193827520755182,0.533536226757809,0.0303562695090506,0.0766783608081608,0.0488428207764964
"X101",0.20068345448268,0.127506882303772,0.184765022737801,0.108671301948054,0.2965627880044,0.0818105505232923
"X102",0.288377614746239,0.274395074221762,0.222858021073996,0.0360533473916988,0.115710766608567,0.0626051759577366
"X103",0.150712371269397,0.241329226879132,0.328241881977293,0.0789261700954992,0.102582494161202,0.0982078556174767
"X104",0.149535564213583,0.0729038386347707,0.299455162921673,0.176137674242373,0.245153355070724,0.0568144049168769
"X105",0.0561890930894267,0.111909844024592,0.542434677957782,0.0193240626686417,0.192580477586387,0.0775618446731706
"X106",0.271040649073318,0.234895776767657,0.139082151335278,0.0447584561573793,0.248282405391626,0.0619405612747412
"X107",0.141899803987081,0.364374262505208,0.378494696277924,0.0372228185879725,0.0250503896577928,0.0529580289840218
"X108",0.214073432000699,0.227393851951054,0.216488950295825,0.159075713230373,0.100805583581231,0.0821624689408195
"X109",0.164217613914014,0.464431293882882,0.212484323202003,0.0443510940201911,0.0478049195701074,0.0667107554108022
"X110",0.198751691028827,0.269596647396536,0.300525354620052,0.0288009875473842,0.126681231884651,0.0756440875225502
"X111",0.213872924221163,0.124410769572338,0.107317642796884,0.386307904142056,0.0583919429589438,0.109698816308616
"X112",0.275738057127416,0.234509142760901,0.10587770474117,0.0587116354900074,0.282567531726206,0.0425959281542999
"X113",0.114596015567275,0.243224503295174,0.364329307173777,0.164961536754105,0.0378743589975967,0.0750142782120722
"X114",0.19205747793166,0.08414139865506,0.185536706508382,0.12040105501637,0.365681050648065,0.0521823112404632
"X115",0.215413797893508,0.365951388706139,0.185396922214674,0.03626169778811,0.14929356598191,0.0476826274156594
"X116",0.117759874822612,0.24613413191359,0.4024396429425,0.0470606744487324,0.12987413706923,0.0567315388033352
"X117",0.188956960678585,0.369922154283463,0.161027457871055,0.0398930541427758,0.152229368964939,0.0879710040591823
"X118",0.197496294341795,0.134173267224347,0.402100701910844,0.0366244415311378,0.179261913029548,0.0503433819623277
"X119",0.192176524106222,0.352567291625376,0.204260636520882,0.0598396389488167,0.0896147074353624,0.101541201363341
"X120",0.246285701099736,0.0960488318204849,0.138116340186565,0.214383337228547,0.240443501381355,0.0647222882833105
"X121",0.203191594953086,0.351079914021083,0.20696928177154,0.1270568403512,0.0184810827913907,0.0932212861116998
"X122",0.185029056093505,0.425461180904306,0.218042509675666,0.0615969388454166,0.023001180423945,0.086869134057162
"X123",0.197014650076041,0.227747960430719,0.25609667515686,0.0548785021361024,0.191495537009827,0.0727666751904504
"X124",0.42526070823401,0.0643870356293985,0.0350284251901349,0.168731605504973,0.230430583942463,0.0761616414990203
"X125",0.196293411692345,0.103765370229819,0.457342238185899,0.0551541981245122,0.125179557091928,0.062265224675496
"X126",0.218083530839552,0.0932631347905275,0.370294781693898,0.0427821674645597,0.206659055244407,0.0689173299670561
"X127",0.169118866617886,0.110617511630884,0.430112718764814,0.0198459920525231,0.209422724447575,0.0608821864863177
"X128",0.135715088055781,0.0806519571715714,0.361463040907065,0.28380090850813,0.0472568243196971,0.0911121810377558
"X129",0.157864754658066,0.125971011352653,0.38955011502717,0.196136626604176,0.0540900073244892,0.0763874850334458
"X130",0.222808998308543,0.237580267247817,0.0753704618484268,0.32477441982141,0.0319038763204482,0.107561976453355
"X131",0.179678680670744,0.107296358867538,0.407566578926855,0.0237540200174923,0.236887758199715,0.0448166033176553
"X132",0.153354203972478,0.10959020818861,0.292462975369417,0.300388077419928,0.048979793894787,0.0952247411547799
"X133",0.15332518282936,0.248156654852785,0.395353478226763,0.0370772145984452,0.108860447820396,0.0572270216722514
"X134",0.175329445905127,0.152226965089842,0.340862167313401,0.186875596548332,0.0638236211403449,0.0808822040029533
"X135",0.177253201436767,0.349273431766225,0.291659817543607,0.0425390512757921,0.0294770982894616,0.109797399688148
"X136",0.165027621577255,0.447115860811263,0.139119351920071,0.0790747677876389,0.0846222407453097,0.0850401571584625
"X137",0.15608174908332,0.059523803777428,0.391721937138666,0.0449150010208785,0.312087560575946,0.035669948403761
"X138",0.237613711670597,0.103554593858851,0.0942864425253787,0.280040503256208,0.205654256541454,0.0788504921475115
"X139",0.141188499084453,0.121533524036166,0.345265858175647,0.122954151109294,0.215536097444798,0.0535218701496424
"X140",0.130630545229521,0.206383099108423,0.443161449559526,0.117415646734184,0.0497699168455934,0.0526393425227528
"X141",0.177228319023195,0.101731315304427,0.432968876163468,0.15588946711689,0.047518097130048,0.0846639252619728
"X142",0.196418151737223,0.165852677801874,0.416997410404661,0.0350773510930182,0.118110860021342,0.0675435489418819
"X143",0.21425859061861,0.259567784917703,0.312133594960311,0.0274635051517254,0.117798193038543,0.0687783313131074
"X144",0.1614328190375,0.0846058088011378,0.401237562638998,0.0486669223933477,0.237833596367031,0.0662232907619852
"X145",0.1672165083139,0.0899831916278355,0.450428150210964,0.0298573039777582,0.22168425573452,0.0408305901350216
"X146",0.241641146489593,0.0586995317688553,0.207485782572949,0.0276524149970908,0.387356812167394,0.0771643120041181
"X147",0.205263653669627,0.398268653286913,0.107721548399621,0.0473861933866111,0.113759577727024,0.127600373530203
"X148",0.190611400007324,0.0570257652519262,0.315504333840506,0.206388993625696,0.167624932393483,0.0628445748810655
"X149",0.177494545577567,0.284968629901561,0.187302184458051,0.14241281761283,0.107979093628259,0.0998427288217317
"X150",0.174951493081722,0.082115918446114,0.337452637517723,0.278826037736283,0.0310582720922202,0.0955956411259384
"X151",0.131802127999307,0.110411031746653,0.315176837178601,0.216565385926745,0.165551122106519,0.0604934950421755
"X152",0.302199522489934,0.0654757067770182,0.163690238134406,0.227841302724778,0.158311542632013,0.08248168724185
"X153",0.289304215241324,0.139463657301997,0.0391299026670097,0.22753805669152,0.2062166470874,0.0983475210107499
"X154",0.209563650483866,0.0669207341728216,0.381488289478224,0.132103029039145,0.131914166069219,0.0780101307567238
"X155",0.238450627412428,0.353258017555741,0.14391288420715,0.0372334047035203,0.152178887061877,0.0749661790592834
"X156",0.169608597528985,0.238018941851116,0.371707310724252,0.0488625899375356,0.112026172813951,0.0597763871441614
"X157",0.195937476065545,0.121092463707626,0.345671406867462,0.0238466996352925,0.266731847901107,0.0467201058229675
"X158",0.160252427189831,0.119629060899518,0.475476108793509,0.100417163325807,0.0811932577563597,0.0630319820349761
"X159",0.187097304261998,0.134430859255978,0.259980929928765,0.0921028975597804,0.245529738941316,0.0808582700521628
"X160",0.229609426985372,0.0724230155681463,0.351449717967862,0.0400474462360004,0.262847363153147,0.0436230300894732
"X161",0.216056421427108,0.215131898509247,0.153285405635883,0.176961080181219,0.135700423925122,0.102864770321422
"X162",0.216862084168214,0.114177177532025,0.243409952355379,0.189504645664948,0.158106868724418,0.0779392715550154
"X163",0.143941746702813,0.201109512325008,0.369068893513702,0.035646091315803,0.18918647585233,0.061047280290344
"X164",0.25169970675164,0.127526199341772,0.0149119994960241,0.0177939773646343,0.502796620481296,0.0852714965646341
"X165",0.217586089034056,0.179208423648074,0.096028234556872,0.258561101462214,0.141869293950556,0.106746857348228
"X166",0.141334723083998,0.305364541196091,0.346303595319766,0.0470331458415027,0.0669926906154674,0.0929713039431748
"X167",0.103608420516974,0.2730880365278,0.469556278063756,0.0418101306621231,0.0762103518328348,0.0357267823965125
"X168",0.241317826200188,0.0932077330288696,0.109161516447512,0.238650145146034,0.221509741692113,0.0961530374852822
"X169",0.415035756383802,0.0737351701705894,0.0502599530106237,0.265877618413532,0.109200403914193,0.0858910981072605
"X170",0.335781099311848,0.0953167696724054,0.0268937430245478,0.324354033374934,0.120814855896873,0.0968394987193908
"X171",0.176381792315259,0.152145066396099,0.288824572260763,0.157004858345449,0.149372807005261,0.0762709036771692
"X172",0.228695386992143,0.169651564417329,0.172589504691089,0.292179376850883,0.060238858628865,0.0766453084196906
"X173",0.122300814029714,0.259995508949066,0.381549909301355,0.0310559740835369,0.134924266351363,0.0701735272849642
"X174",0.16482685081633,0.0922363646133959,0.479817216426351,0.0990074738771602,0.0944961906286965,0.0696159036380661
"X175",0.263725581555837,0.12178433927538,0.389721280314783,0.0435281147830772,0.134116608522299,0.0471240755486241
"X176",0.200373929267596,0.343917447102189,0.197547039105664,0.110626116571195,0.0233386528154015,0.124196815137956
"X177",0.24918651080639,0.377555105149943,0.0844455682729618,0.0308629209796399,0.194059259856751,0.0638906349343147
"X178",0.23361746937555,0.0738940935361175,0.267526625612097,0.287031830965728,0.043711530589159,0.0942184499213492
"X179",0.207570061833032,0.26002775379284,0.225545552709318,0.0386465729202631,0.189893364494228,0.0783166942503182
"X180",0.165797637564639,0.111077173970846,0.351548206631887,0.142116627622165,0.135838069763171,0.0936222844472921
"X181",0.179028940804793,0.149076871562074,0.316278078290669,0.0186499189872589,0.285844899935451,0.0511212904197529
"X182",0.182734626110988,0.303349068410209,0.200441637294992,0.0469949211999885,0.188971847230437,0.0775078997533856
"X183",0.122683869352649,0.101041318199923,0.456646061897075,0.191664621897091,0.0723200310234869,0.0556440976297755
"X184",0.437624511082562,0.247777706089102,0.0801623004751327,0.0801994951888883,0.0932950460791758,0.0609409410851396
"X185",0.332957678423104,0.0878403197771218,0.025093213372963,0.0409727644859576,0.442910627477464,0.0702253964633894
"X186",0.231017987403911,0.0595290444547384,0.0334901719593922,0.349668328700626,0.206760064551357,0.119534402929975
"X187",0.29779446754874,0.0700048470226947,0.123831268928312,0.0405739889560908,0.419574576731348,0.0482208508128151
"X188",0.16749659077332,0.142715501381984,0.581064075429603,0.0231408993632088,0.0437637354455136,0.0418191976063703
"X189",0.14896909307806,0.124329001212157,0.509902980559244,0.024819842471015,0.149025536268615,0.0429535464109083
"X190",0.245559439985472,0.10139104260861,0.280102440213827,0.229313837371012,0.0484648412263101,0.0951683985947697
"X191",0.153205260818426,0.0910446410006336,0.453091160480214,0.0518658068684895,0.186832578376771,0.063960552455466
"X192",0.225571621855214,0.0830395356409284,0.284852080744035,0.0350215504687264,0.311142160970839,0.0603730503202571
"X193",0.229941074059512,0.0864821431510367,0.0421568135324929,0.0477694097178891,0.550099131430221,0.0435514281088481
"X194",0.180915100651956,0.118138060923331,0.44807305200151,0.0117335710292505,0.158143013238654,0.0829972021552979
"X195",0.203788338635067,0.0661401767452695,0.274343179072912,0.0717470068012492,0.34328094324484,0.0407003555006615
"X196",0.141927172049045,0.08819159877402,0.473676099774226,0.0384655829063277,0.209603759720781,0.0481357867755998
"X197",0.244381072537487,0.191034293457723,0.196431524790784,0.017448589885318,0.30095730975421,0.0497472095744781
"X198",0.14683145543755,0.111766391998505,0.334468028913197,0.0600801682987755,0.304142405124306,0.0427115502276672
"X199",0.235395169360967,0.0865220400550562,0.0439687347187545,0.207503781746252,0.326721921556041,0.0998883525629291
"X200",0.199277646829077,0.114414181024238,0.437626479024444,0.107201467784972,0.0948061774308824,0.0466740479063869
"X201",0.245336286267688,0.0904869928953992,0.154856462404155,0.18719246930077,0.300030383221662,0.0220974059103257
"X202",0.184728789362688,0.100072121086768,0.358008489254537,0.114763801000385,0.183045136501649,0.0593816627939735
"X203",0.232706233304201,0.236818982711502,0.0876504320215202,0.19275291919587,0.161132731065402,0.0889387017015047
"X204",0.156057426842283,0.116556324573553,0.331548171006644,0.114969860370793,0.212166064376119,0.0687021528306082
"X205",0.132652852103769,0.127907091511517,0.387279559571657,0.0328994720190123,0.256018829669095,0.0632421951249494
"X206",0.485329748996532,0.0274142943167271,0.0360578827897029,0.0298332815885902,0.361185125898827,0.0601796664096201
"X207",0.205672789033932,0.129032500361391,0.347743886191311,0.0277109152762994,0.226728560507939,0.0631113486291278
"X208",0.0849114802193621,0.158633534536596,0.473298335698156,0.11127756962115,0.110156264711698,0.0617228152130377
"X209",0.239285757130018,0.0504501295807473,0.262494646345617,0.195995996168101,0.176861648571218,0.0749118222042986
"X210",0.14173944654937,0.344654728896534,0.31651502096244,0.0189221970173389,0.102635856405621,0.0755327501686965
"X211",0.233254330599646,0.0678806420273569,0.0452967558374564,0.273546021513026,0.267227360010433,0.112794890012082
"X212",0.605861956054758,0.0592095314903157,0.0854285988198128,0.0396302048564657,0.181841813192955,0.0280278955856931
"X213",0.217180006800915,0.154668987880755,0.229153409288969,0.198847845040456,0.136126649349165,0.0640231016397405
"X214",0.259786940642695,0.0841183829842182,0.0443901306902801,0.105258857454321,0.462225332069456,0.0442203561590293
"X215",0.152579127903731,0.308562404766934,0.45188342850826,0.0118259864252641,0.0330563484535693,0.0420927039422413
"X216",0.137470431379379,0.221816031213646,0.36877714321082,0.0338433454859919,0.137951649195888,0.100141399514275
"X217",0.142596383674467,0.109744877434317,0.319979368446083,0.172276809430157,0.208647628310666,0.0467549327043106
"X218",0.231554178183306,0.104527493346436,0.222471403528417,0.190761575772321,0.146292819703064,0.104392529466455
"X219",0.295480516864382,0.0565189979275404,0.0312560720505592,0.0522686403681336,0.488212783132184,0.0762629896572002
"X220",0.304582045565159,0.0545261408147022,0.163324826074281,0.0331755766720327,0.374380924750719,0.0700104861231054
"X221",0.207885701315516,0.081462946606093,0.436944581112801,0.0170423876683728,0.193518989139216,0.0631453941580012
"X222",0.200493606609293,0.11673746057941,0.3582720757713,0.0402775167048311,0.22800834626353,0.0562109940716361
"X223",0.240351410220237,0.046114649165452,0.139887708936955,0.205669939467803,0.280337596288324,0.0876386959212285
"X224",0.14991306970937,0.379946144862067,0.124353519003991,0.196575711042009,0.0391493360706942,0.110062219311868
"X225",0.563761452075879,0.0803805287634713,0.0271195544177176,0.140180826632945,0.114074790679261,0.0744828474307258
"X226",0.212867268682063,0.2015794960357,0.252565654314232,0.142603116072521,0.115710538040539,0.0746739268549459
"X227",0.218935048338597,0.0923767496103651,0.38943000740254,0.0173923830069944,0.237214823672377,0.0446509879691261
"X228",0.118146260789261,0.158040444334682,0.445842830590503,0.0418346777075871,0.164340266771,0.071795519806967
"X229",0.194705782879052,0.370182971728465,0.131323454632217,0.174436733148724,0.0245866377741208,0.104764419837422
"X230",0.23126694252175,0.338556582951562,0.0393850879699554,0.0839550092651746,0.225230681494471,0.0816056957970874
"X231",0.201014418575753,0.262812489633103,0.155858978785758,0.0427466882801324,0.262282180995671,0.0752852437295824
"X232",0.147532692738643,0.10362181732489,0.262689581336479,0.166508357774011,0.227361579407698,0.0922859714182788
"X233",0.190635029061402,0.330121110231152,0.168071683476211,0.0342860561881596,0.203235719977544,0.0736504010655318
"X234",0.139135562637194,0.291654813420883,0.322961493571621,0.108286533480499,0.0733075785875262,0.0646540183022767
"X235",0.191719851471918,0.175476570144069,0.255465168027085,0.282684608144462,0.0315878123338673,0.0630659898785977
"X236",0.22084947281719,0.279648799894946,0.0634445765928801,0.165500205470933,0.180645937135031,0.0899110080890203
"X237",0.223926937918482,0.4337066900622,0.105434062364055,0.059427243387839,0.113737651974955,0.0637674142924693
"X238",0.209537027003805,0.163443962954889,0.393366466106635,0.0373504360587785,0.11735251150626,0.0789495963696318
"X239",0.320256371621874,0.0641061405302283,0.362937464184486,0.172004486467887,0.0316507218264244,0.0490448153691
"X240",0.223833581980741,0.178858437495287,0.32348839612528,0.016898450699952,0.220306169243288,0.0366149644554528
"X241",0.149602517675501,0.0889362192886897,0.302641972723413,0.0526808564174121,0.336445946676198,0.0696924872187862
"X242",0.220168856036009,0.286352730719804,0.115860344292581,0.256554796154861,0.023182285111472,0.0978809876852728
"X243",0.243619291153302,0.0792389045732373,0.315528074900887,0.0381892569685277,0.262607368825329,0.0608171035787177
"X244",0.127801683787506,0.230334087123409,0.415103629851883,0.102074648546318,0.0482414327738224,0.0764445179170618
"X245",0.281651667042981,0.074287322560317,0.153103804871926,0.0552533875043094,0.357867293754041,0.0778365242664251
"X246",0.180390912610349,0.428515021029154,0.179336452958792,0.051134489839362,0.0676524629442576,0.0929706606180864
"X247",0.187443077724347,0.0983407350410229,0.261543057540612,0.259686590162255,0.106365897813428,0.086620641718336
"X248",0.138230944134927,0.108345454776126,0.350023921644397,0.245211153170898,0.0896931238807744,0.0684954023928773
"X249",0.17636792358515,0.0918643918256544,0.453950835591032,0.0183301351407985,0.201511566472182,0.0579751473851829
"X250",0.333386283158263,0.116720569260974,0.0787767196597735,0.0256304059020648,0.373232038685762,0.0722539833331625
"X251",0.566187326699254,0.0853410739059621,0.0275897558361473,0.0242313523000276,0.259733020442563,0.036917470816046
"X252",0.195155204678878,0.209502330869997,0.145309870607356,0.304731855114014,0.0385658979296043,0.106734840800152
"X253",0.0941438042272324,0.14175429503416,0.629732828774471,0.0351397246645546,0.0337807712772992,0.0654485760222829
"X254",0.205961217314169,0.0920498675478183,0.254945542089063,0.189387526668013,0.205890440034028,0.0517654063469092
"X255",0.167846056721595,0.0899142474814078,0.371864806807943,0.0226028018933115,0.291248987051512,0.0565231000442314
"X256",0.147668277709106,0.151665721274064,0.45225970516525,0.0369396722869386,0.157367939163377,0.0540986844012652
"X257",0.209485012256375,0.453151029038028,0.185258449269309,0.0370597657297784,0.051726867276713,0.0633188764297968
"X258",0.134277195101916,0.286555110319759,0.289882582899468,0.183630998128516,0.0305362724813849,0.075117841068956
"X259",0.578932202267066,0.053552445189895,0.174071401812733,0.042438885429402,0.111472561672366,0.0395325036285381
"X260",0.320260916201961,0.0934480080640072,0.0284081606802037,0.245674773092738,0.252283745394204,0.0599243965668866
"X261",0.224128708515124,0.0805180710892885,0.232932111134928,0.104903585489929,0.305162701655376,0.0523548221153541
"X262",0.159718517602142,0.376127401707166,0.181732801971443,0.0458584066975599,0.144352266777885,0.0922106052438044
"X263",0.348506854128409,0.0827377719896938,0.0374484594247495,0.0524228701074589,0.419224194194702,0.0596598501549874
"X264",0.487961128489794,0.0630053402953382,0.261516433585476,0.0293581367840129,0.117016041550069,0.0411429192953101
"X265",0.199153735481556,0.0835636480378815,0.421018711059743,0.0437974749984166,0.225714085830913,0.02675234459149
"X266",0.275405775864974,0.0736699180725587,0.0381390164586087,0.254498459847942,0.262340310763128,0.0959465189927888
"X267",0.183486623006659,0.110751475019579,0.470027754085753,0.0410447223278517,0.13282919087253,0.0618602346876277
"X268",0.335611854375479,0.0630489222202591,0.0990941326019463,0.171972688895588,0.276411899233594,0.0538605026731338
"X269",0.20219958702625,0.195269892968155,0.273082261648819,0.171370210199956,0.117256668647945,0.0408213795088757
"X270",0.0958832214528388,0.249164979396016,0.512081234185514,0.0310836276637595,0.0365981806867495,0.0751887566151223
"X271",0.169334565749087,0.112954780630227,0.41718960135756,0.175433955275202,0.0493196076169931,0.0757674893709318
"X272",0.214142768698607,0.110737107685584,0.254409876081342,0.198531620874614,0.127880515542613,0.0942981111172397
"X273",0.140432149607035,0.164339962990612,0.349174870974803,0.0432987187513015,0.257893151051804,0.044861146624444
"X274",0.269174843239136,0.0584602595947853,0.169082021157627,0.15884819349878,0.271048594393745,0.0733860881159263
"X275",0.128798116723237,0.179902650478408,0.506150286904263,0.0527461328951092,0.0568407214795631,0.0755620915194196
"X276",0.102152065252781,0.110072434476078,0.591278841234266,0.0366069305143196,0.0801032783733475,0.0797864501492072
"X277",0.15846826912716,0.0919703381591325,0.466244985876315,0.122712482168426,0.110383330432673,0.0502205942362939
"X278",0.27303786905884,0.2650151443215,0.0659185801175386,0.12120546093466,0.191894977377461,0.0829279681900003
"X279",0.289370561445182,0.065351979945403,0.172380613422305,0.0506848183583791,0.40034257307237,0.0218694537563606
"X280",0.238622333799175,0.405859144543718,0.109889892389788,0.0524686082648298,0.142160754281659,0.0509992667208309
"X281",0.277575516864947,0.0927980444717577,0.159541552577752,0.212668978106117,0.170835118684602,0.0865807892948243
"X282",0.194453235985842,0.193940731555465,0.366371237247601,0.021342757814674,0.161195670732231,0.0626963666641868
"X283",0.157374982837332,0.133671506213034,0.410210785622721,0.0314248929876172,0.206760244229887,0.0605575881094091
"X284",0.159018141008839,0.307174634709937,0.365182632095589,0.0434643799339601,0.0487995929931281,0.0763606192585473
"X285",0.125671312491357,0.0982352150679446,0.587078004137009,0.0276840248880015,0.115963191259951,0.0453682521557366
"X286",0.184685917013276,0.398485576121647,0.0608616044536278,0.0486602091293361,0.238503215234245,0.0688034780478683
"X287",0.208802199677176,0.0838893451324044,0.43259240264271,0.0310866587851126,0.197876171481735,0.0457532222808625
"X288",0.180506561412514,0.290819123202517,0.196866919043851,0.166765217557384,0.0483661897049687,0.116675989078765
"X289",0.167055889177527,0.135803815349184,0.0607411012401335,0.083966216987715,0.123239613774385,0.429193363471056
"X290",0.207541697755535,0.161064614156541,0.149512476926381,0.0379927534404731,0.382844096952404,0.0610443607686664
"X291",0.207010145333901,0.0936759615523955,0.345491952036741,0.0302748107398415,0.256911416217164,0.0666357141199569
"X292",0.234111532615207,0.348990396231517,0.10835252083924,0.0324849013446332,0.191589612559797,0.0844710364096059
"X293",0.456409821376685,0.197007035002688,0.0504797048066097,0.0520655789127776,0.20448640574167,0.0395514541595701
"X294",0.216757382467318,0.0731736567406596,0.225169701017722,0.0483381384371419,0.323480329719385,0.113080791617773
"X295",0.205156362996848,0.0764171911762795,0.0480492860091218,0.371512394780159,0.198862927517956,0.100001837519635
"X296",0.261758412682264,0.127214080642542,0.210752819352426,0.0337296492115172,0.320667474877361,0.0458775632338893
"X297",0.173074004365855,0.389328329205333,0.14615630201935,0.0442154851701585,0.144014426751735,0.103211452487569
"X298",0.164520213714644,0.0836022183229825,0.479871013074391,0.0292157768188098,0.194670045682154,0.0481207323870182
"X299",0.193856858412206,0.28916638683476,0.215299468848491,0.0304022726944261,0.190368154936963,0.0809068582731533
"X300",0.145016837709872,0.223755298921818,0.391559592727766,0.0527657900622436,0.123862032931977,0.0630404476463238
"X301",0.326625215274551,0.0773605614907585,0.181427865114019,0.185002253661714,0.127522588357492,0.102061516101466
"X302",0.287068598227068,0.0673693736667043,0.290692428879845,0.0347804568323965,0.264025135564724,0.0560640068292611
"X303",0.330147940449293,0.0838598402951506,0.028225113293915,0.047230953822414,0.459605918512326,0.0509302336269011
"X304",0.338939621747061,0.0837015213069805,0.0745119661568945,0.258377950720788,0.134373207148914,0.110095732919362
"X305",0.251721221084917,0.245286189656969,0.0802781660482909,0.184525753190801,0.179610628608523,0.0585780414104987
"X306",0.194996026410567,0.095427301259892,0.402771489373118,0.142125121745624,0.0469774811747838,0.117702580036015
"X307",0.320945567608908,0.0561092199878147,0.058474915633713,0.19020247762869,0.321673730674771,0.0525940884661025
"X308",0.215900027450289,0.281781029987731,0.222266773997926,0.176335438805753,0.0165866397660978,0.0871300899922031
"X309",0.3376900130969,0.0813331885169663,0.0417509595932035,0.0503251866194263,0.4552025298472,0.0336981223263044
"X310",0.258622076032357,0.0722628154606021,0.254136275809812,0.211150285987661,0.135487519958787,0.0683410267507804
"X311",0.288252061422701,0.0800437991902595,0.0845972858056315,0.245386768896337,0.199519519585141,0.102200565099931
"X312",0.258763229797638,0.238925399558108,0.300603902371869,0.0311880381628,0.0858965823204936,0.0846228477890918
"X313",0.221722819297322,0.217086629194584,0.0505388732859736,0.198454024041718,0.192080390818662,0.120117263361741
"X314",0.160415148947585,0.111419356072172,0.368432634553275,0.0658214474987431,0.225961427513271,0.0679499854149531
"X315",0.298198107196907,0.0778252799940071,0.0302088933227465,0.183321862749127,0.314221076216637,0.0962247805205759
"X316",0.322331923426644,0.086639786996695,0.0600883801353476,0.168633757464118,0.313262778893914,0.0490433730832808
"X317",0.105559125114491,0.0820035489974158,0.494082451318667,0.143307792499801,0.0721446712424156,0.10290241082721
"X318",0.351944144255502,0.0743072335938171,0.247401566846051,0.138260026130853,0.15021503713796,0.0378719920358169
"X319",0.159268876951254,0.135793370410977,0.403123002476488,0.046299110376067,0.206976890967011,0.0485387488182028
"X320",0.163346523670536,0.262767928732831,0.308737434448651,0.0268877983381941,0.158738673640691,0.0795216411690974
"X321",0.260130479155386,0.0899047609042644,0.0635069708735987,0.170599778330349,0.320789234399739,0.0950687763366637
"X322",0.225495305681626,0.466988561251076,0.139401731690924,0.0538087923786609,0.0185732139679372,0.0957323950297762
"X323",0.343254833419721,0.0559329710768038,0.213879663493802,0.0328457217839896,0.288063894799148,0.0660229154265363
"X324",0.223446126033968,0.106060320329774,0.0233376205168865,0.311497125566667,0.2722652067163,0.0633936008364042
"X325",0.156827636499143,0.121298660446817,0.388502552282577,0.152901103692001,0.0946730879853074,0.0857969590941554
"X326",0.153372554422338,0.0648672533137862,0.307028307896133,0.306407961632748,0.0847648260525845,0.0835590966824112
"X327",0.210368466223352,0.284776333286479,0.323631018361843,0.0359547007489158,0.08485227261724,0.0604172087621703
"X328",0.153925480431433,0.130948905153324,0.343508778566757,0.115383853183741,0.194125774449821,0.0621072082149242
"X329",0.120596567382277,0.121701931708103,0.52282601717227,0.023062923738545,0.165598668218658,0.0462138917801466
"X330",0.218878065288136,0.0879722608804867,0.244998354491019,0.198959235084104,0.150140119148323,0.0990519651079309
"X331",0.22305595526335,0.0963351230036053,0.40568542290924,0.0975293249527963,0.127613774815388,0.0497803990556198
"X332",0.143050586368981,0.0742018010086189,0.406413473947217,0.158439244267024,0.127757199384891,0.0901376950232682
"X333",0.143278243394166,0.286186175223495,0.247578918008373,0.0684686456688587,0.157773449968325,0.0967145677367828
"X334",0.180883261971822,0.135827425861277,0.260213227753988,0.223436217449319,0.110896705993232,0.0887431609703616
"X335",0.316008010826295,0.123681812274676,0.34082993909186,0.026670651657802,0.136543496240245,0.0562660899091218
"X336",0.191376202297969,0.0717270435270622,0.383391963591871,0.0604675253402525,0.235706687174187,0.0573305780686585
"X337",0.258462382982397,0.0657904302573521,0.0488329182590595,0.37608032792729,0.143169401098154,0.107664539475747
"X338",0.206517518059799,0.253683070319283,0.064985421521099,0.0675964089742,0.326077247061576,0.0811403340640441
"X339",0.152116609083597,0.0887485417475136,0.267578421679389,0.225143853627548,0.179941669823924,0.0864709040380281
